shape_id,shape_pt_lat,shape_pt_lon,shape_pt_sequence,shape_dist_traveled
BE.TEC.BE.TEC.B1,4.761138,50.622280,0,0.000000
BE.TEC.BE.TEC.B1,4.760396,50.621697,1,0.104748
BE.TEC.BE.TEC.B1,4.759954,50.621324,2,0.168915
BE.TEC.BE.TEC.B1,4.759913,50.621280,3,0.175607
BE.TEC.BE.TEC.B1,4.759876,50.621219,4,0.183501
BE.TEC.BE.TEC.B1,4.759864,50.621157,5,0.190473
BE.TEC.BE.TEC.B1,4.759900,50.621119,6,0.196310
BE.TEC.BE.TEC.B1,4.759918,50.621084,7,0.200746
BE.TEC.BE.TEC.B1,4.759924,50.621046,8,0.204928
BE.TEC.BE.TEC.B1,4.759918,50.621012,9,0.208761
BE.TEC.BE.TEC.B1,4.759981,50.620950,10,0.218599
BE.TEC.BE.TEC.B1,4.760058,50.620899,11,0.228826
BE.TEC.BE.TEC.B1,4.760361,50.620754,12,0.266121
BE.TEC.BE.TEC.B1,4.760449,50.620726,13,0.276330
BE.TEC.BE.TEC.B1,4.760619,50.620680,14,0.295928
BE.TEC.BE.TEC.B1,4.760800,50.620648,15,0.316410
BE.TEC.BE.TEC.B1,4.760877,50.620641,16,0.324994
BE.TEC.BE.TEC.B1,4.761013,50.620633,17,0.340118
BE.TEC.BE.TEC.B1,4.761136,50.620635,18,0.353721
BE.TEC.BE.TEC.B1,4.761247,50.620639,19,0.366119
BE.TEC.BE.TEC.B1,4.761424,50.620662,20,0.385995
BE.TEC.BE.TEC.B1,4.761495,50.620687,21,0.394255
BE.TEC.BE.TEC.B1,4.761594,50.620729,22,0.406186
BE.TEC.BE.TEC.B1,4.761699,50.620789,23,0.419684
BE.TEC.BE.TEC.B1,4.761759,50.620833,24,0.427950
BE.TEC.BE.TEC.B1,4.761832,50.620926,25,0.441051
BE.TEC.BE.TEC.B1,4.761899,50.621027,26,0.454460
BE.TEC.BE.TEC.B1,4.761918,50.621073,27,0.459974
BE.TEC.BE.TEC.B1,4.761931,50.621130,28,0.466453
BE.TEC.BE.TEC.B1,4.761947,50.621216,29,0.476097
BE.TEC.BE.TEC.B1,4.761922,50.621368,30,0.493189
BE.TEC.BE.TEC.B1,4.761864,50.621519,31,0.511075
BE.TEC.BE.TEC.B1,4.761761,50.621653,32,0.529826
BE.TEC.BE.TEC.B1,4.761660,50.621775,33,0.547426
BE.TEC.BE.TEC.B1,4.761541,50.621869,34,0.564242
BE.TEC.BE.TEC.B1,4.761375,50.622006,35,0.588102
BE.TEC.BE.TEC.B1,4.761175,50.622255,36,0.623527
BE.TEC.BE.TEC.B1,4.761138,50.622280,37,0.628454
BE.TEC.BE.TEC.B1,4.761138,50.622280,38,0.628454
BE.TEC.BE.TEC.B1,4.761065,50.622335,39,0.638573
BE.TEC.BE.TEC.B1,4.761017,50.622366,40,0.644951
BE.TEC.BE.TEC.B1,4.760006,50.623138,41,0.786167
BE.TEC.BE.TEC.B1,4.759755,50.623329,42,0.821121
BE.TEC.BE.TEC.B1,4.758515,50.624306,43,0.996346
BE.TEC.BE.TEC.B1,4.758222,50.624535,44,1.037617
BE.TEC.BE.TEC.B1,4.757385,50.625210,45,1.156896
BE.TEC.BE.TEC.B1,4.753393,50.628295,46,1.716861
BE.TEC.BE.TEC.B1,4.753158,50.628477,47,1.749804
BE.TEC.BE.TEC.B1,4.748549,50.632043,48,2.396578
BE.TEC.BE.TEC.B1,4.748246,50.632262,49,2.438081
BE.TEC.BE.TEC.B1,4.747201,50.633017,50,2.581172
BE.TEC.BE.TEC.B1,4.746255,50.633645,51,2.707173
BE.TEC.BE.TEC.B1,4.744150,50.635041,52,2.987570
BE.TEC.BE.TEC.B1,4.743877,50.635236,53,3.024894
BE.TEC.BE.TEC.B1,4.743570,50.635454,54,3.066621
BE.TEC.BE.TEC.B1,4.742207,50.636330,55,3.246554
BE.TEC.BE.TEC.B1,4.741002,50.637051,56,3.402468
BE.TEC.BE.TEC.B1,4.740893,50.637113,57,3.416296
BE.TEC.BE.TEC.B1,4.738948,50.638208,58,3.664226
BE.TEC.BE.TEC.B1,4.737427,50.639012,59,3.855171
BE.TEC.BE.TEC.B1,4.736821,50.639322,60,3.930847
BE.TEC.BE.TEC.B1,4.735689,50.639887,61,4.071333
BE.TEC.BE.TEC.B1,4.734853,50.640291,62,4.174386
BE.TEC.BE.TEC.B1,4.734345,50.640529,63,4.236786
BE.TEC.BE.TEC.B1,4.733499,50.640926,64,4.340481
BE.TEC.BE.TEC.B1,4.731301,50.641894,65,4.607214
BE.TEC.BE.TEC.B1,4.730540,50.642228,66,4.699545
BE.TEC.BE.TEC.B1,4.728353,50.643071,67,4.959933
BE.TEC.BE.TEC.B1,4.725274,50.644220,68,5.324967
BE.TEC.BE.TEC.B1,4.724912,50.644345,69,5.367531
BE.TEC.BE.TEC.B1,4.723491,50.644832,70,5.534342
BE.TEC.BE.TEC.B1,4.721975,50.645354,71,5.712443
BE.TEC.BE.TEC.B1,4.720300,50.645900,72,5.908137
BE.TEC.BE.TEC.B1,4.720238,50.645918,73,5.915361
BE.TEC.BE.TEC.B1,4.718863,50.646320,74,6.074548
BE.TEC.BE.TEC.B1,4.718270,50.646512,75,6.143770
BE.TEC.BE.TEC.B1,4.717306,50.646782,76,6.254931
BE.TEC.BE.TEC.B1,4.715998,50.647160,77,6.406258
BE.TEC.BE.TEC.B1,4.713736,50.647745,78,6.665780
BE.TEC.BE.TEC.B1,4.713541,50.647789,79,6.687986
BE.TEC.BE.TEC.B1,4.711298,50.648293,80,6.943454
BE.TEC.BE.TEC.B1,4.711116,50.648331,81,6.964104
BE.TEC.BE.TEC.B1,4.711066,50.648345,82,6.969858
BE.TEC.BE.TEC.B1,4.708982,50.648800,83,7.206895
BE.TEC.BE.TEC.B1,4.705937,50.649405,84,7.551765
BE.TEC.BE.TEC.B1,4.704705,50.649650,85,7.691407
BE.TEC.BE.TEC.B1,4.702106,50.650186,86,7.986192
BE.TEC.BE.TEC.B1,4.697134,50.651181,87,8.549665
BE.TEC.BE.TEC.B1,4.695183,50.651568,88,8.770591
BE.TEC.BE.TEC.B1,4.694695,50.651666,89,8.825930
BE.TEC.BE.TEC.B1,4.689803,50.652643,90,9.380213
BE.TEC.BE.TEC.B1,4.689385,50.652728,91,9.427611
BE.TEC.BE.TEC.B1,4.685873,50.653435,92,9.825699
BE.TEC.BE.TEC.B1,4.681228,50.654385,93,10.352456
BE.TEC.BE.TEC.B1,4.680908,50.654447,94,10.388705
BE.TEC.BE.TEC.B1,4.680752,50.654475,95,10.406314
BE.TEC.BE.TEC.B1,4.680584,50.654505,96,10.425265
BE.TEC.BE.TEC.B1,4.680282,50.654563,97,10.459452
BE.TEC.BE.TEC.B1,4.679429,50.654750,98,10.556449
BE.TEC.BE.TEC.B1,4.668890,50.656898,99,11.751528
BE.TEC.BE.TEC.B1,4.662363,50.658211,100,12.491233
BE.TEC.BE.TEC.B1,4.655676,50.659650,101,13.251228
BE.TEC.BE.TEC.B1,4.655487,50.659699,102,13.272912
BE.TEC.BE.TEC.B1,4.653696,50.660122,103,13.477409
BE.TEC.BE.TEC.B1,4.653208,50.660249,104,13.533432
BE.TEC.BE.TEC.B1,4.652787,50.660364,105,13.581881
BE.TEC.BE.TEC.B1,4.652687,50.660348,106,13.593157
BE.TEC.BE.TEC.B1,4.652513,50.660375,107,13.612689
BE.TEC.BE.TEC.B1,4.651026,50.660764,108,13.783498
BE.TEC.BE.TEC.B1,4.650992,50.660769,109,13.787257
BE.TEC.BE.TEC.B1,4.647548,50.661349,110,14.175304
BE.TEC.BE.TEC.B1,4.646740,50.661499,111,14.266677
BE.TEC.BE.TEC.B1,4.646655,50.661508,112,14.276117
BE.TEC.BE.TEC.B1,4.646570,50.661502,113,14.285636
BE.TEC.BE.TEC.B1,4.646541,50.661497,114,14.288942
BE.TEC.BE.TEC.B1,4.646503,50.661484,115,14.293383
BE.TEC.BE.TEC.B1,4.646466,50.661467,116,14.297888
BE.TEC.BE.TEC.B1,4.646415,50.661405,117,14.306708
BE.TEC.BE.TEC.B1,4.646307,50.661284,118,14.324758
BE.TEC.BE.TEC.B1,4.645783,50.660773,119,14.405962
BE.TEC.BE.TEC.B1,4.645707,50.660740,120,14.415143
BE.TEC.BE.TEC.B1,4.764972,50.625305,121,28.237260
BE.TEC.BE.TEC.B1,4.764897,50.625287,122,28.245811
BE.TEC.BE.TEC.B1,4.764369,50.624896,123,28.318711
BE.TEC.BE.TEC.B1,4.763992,50.624630,124,28.370010
BE.TEC.BE.TEC.B1,4.763132,50.623973,125,28.490044
BE.TEC.BE.TEC.B1,4.763073,50.623944,126,28.497409
BE.TEC.BE.TEC.B1,4.763024,50.623926,127,28.503221
BE.TEC.BE.TEC.B1,4.762916,50.623902,128,28.515523
BE.TEC.BE.TEC.B1,4.762861,50.623917,129,28.521848
BE.TEC.BE.TEC.B1,4.762803,50.623925,130,28.528310
BE.TEC.BE.TEC.B1,4.762745,50.623926,131,28.534844
BE.TEC.BE.TEC.B1,4.762687,50.623918,132,28.541311
BE.TEC.BE.TEC.B1,4.762639,50.623905,133,28.546778
BE.TEC.BE.TEC.B1,4.762570,50.623921,134,28.554671
BE.TEC.BE.TEC.B1,4.762400,50.623981,135,28.574743
BE.TEC.BE.TEC.B1,4.762087,50.624122,136,28.612862
BE.TEC.BE.TEC.B1,4.761884,50.624211,137,28.637459
BE.TEC.BE.TEC.B1,4.761692,50.624288,138,28.660479
BE.TEC.BE.TEC.B1,4.761565,50.624320,139,28.674970
BE.TEC.BE.TEC.B1,4.761448,50.624332,140,28.688026
BE.TEC.BE.TEC.B1,4.761104,50.624322,141,28.726314
BE.TEC.BE.TEC.B1,4.760903,50.624320,142,28.748629
BE.TEC.BE.TEC.B1,4.760712,50.624311,143,28.769919
BE.TEC.BE.TEC.B1,4.760516,50.624315,144,28.791703
BE.TEC.BE.TEC.B1,4.760272,50.624334,145,28.818857
BE.TEC.BE.TEC.B1,4.760057,50.624359,146,28.842897
BE.TEC.BE.TEC.B1,4.759843,50.624393,147,28.867056
BE.TEC.BE.TEC.B1,4.759599,50.624443,148,28.894632
BE.TEC.BE.TEC.B1,4.759313,50.624523,149,28.927634
BE.TEC.BE.TEC.B1,4.759067,50.624595,150,28.956143
BE.TEC.BE.TEC.B1,4.758882,50.624649,151,28.977511
BE.TEC.BE.TEC.B1,4.757839,50.625228,152,29.110018
BE.TEC.BE.TEC.B1,4.757771,50.625262,153,29.118456
BE.TEC.BE.TEC.B1,4.757577,50.625304,154,29.140500
BE.TEC.BE.TEC.B1,4.753684,50.628392,155,29.691989
BE.TEC.BE.TEC.B1,4.753443,50.628579,156,29.725787
BE.TEC.BE.TEC.B1,4.750175,50.631115,157,30.184961
BE.TEC.BE.TEC.B1,4.748380,50.632474,158,30.434847
BE.TEC.BE.TEC.B1,4.746548,50.633747,159,30.682464
BE.TEC.BE.TEC.B1,4.745989,50.634135,160,30.757952
BE.TEC.BE.TEC.B1,4.745734,50.634305,161,30.792010
BE.TEC.BE.TEC.B1,4.744156,50.635356,162,31.002446
BE.TEC.BE.TEC.B1,4.743832,50.635574,163,31.045829
BE.TEC.BE.TEC.B1,4.742464,50.636454,164,31.226389
BE.TEC.BE.TEC.B1,4.741958,50.636762,165,31.292126
BE.TEC.BE.TEC.B1,4.741110,50.637264,166,31.401560
BE.TEC.BE.TEC.B1,4.741048,50.637299,167,31.409426
BE.TEC.BE.TEC.B1,4.740297,50.637726,168,31.505424
BE.TEC.BE.TEC.B1,4.739080,50.638400,169,31.659803
BE.TEC.BE.TEC.B1,4.737799,50.639083,170,31.821001
BE.TEC.BE.TEC.B1,4.736400,50.639787,171,31.994978
BE.TEC.BE.TEC.B1,4.733501,50.641171,172,32.351686
BE.TEC.BE.TEC.B1,4.732969,50.641381,173,32.415204
BE.TEC.BE.TEC.B1,4.731454,50.642034,174,32.598463
BE.TEC.BE.TEC.B1,4.731150,50.642184,175,32.636128
BE.TEC.BE.TEC.B1,4.730458,50.642505,176,32.720870
BE.TEC.BE.TEC.B1,4.729361,50.642939,177,32.851868
BE.TEC.BE.TEC.B1,4.729220,50.642989,178,32.868534
BE.TEC.BE.TEC.B1,4.728438,50.643263,179,32.960516
BE.TEC.BE.TEC.B1,4.726468,50.643988,180,33.193736
BE.TEC.BE.TEC.B1,4.725835,50.644239,181,33.269374
BE.TEC.BE.TEC.B1,4.725393,50.644412,182,33.322093
BE.TEC.BE.TEC.B1,4.724981,50.644556,183,33.370574
BE.TEC.BE.TEC.B1,4.723656,50.645019,184,33.526427
BE.TEC.BE.TEC.B1,4.723119,50.645204,185,33.589559
BE.TEC.BE.TEC.B1,4.721714,50.645675,186,33.754147
BE.TEC.BE.TEC.B1,4.720388,50.646106,187,33.909043
BE.TEC.BE.TEC.B1,4.720381,50.646108,188,33.909897
BE.TEC.BE.TEC.B1,4.716861,50.647142,189,34.317417
BE.TEC.BE.TEC.B1,4.715909,50.647405,190,34.427183
BE.TEC.BE.TEC.B1,4.713799,50.647951,191,34.669362
BE.TEC.BE.TEC.B1,4.713558,50.648009,192,34.696857
BE.TEC.BE.TEC.B1,4.713137,50.648110,193,34.744982
BE.TEC.BE.TEC.B1,4.711395,50.648495,194,34.943188
BE.TEC.BE.TEC.B1,4.710959,50.648590,195,34.992756
BE.TEC.BE.TEC.B1,4.708969,50.649017,196,35.218977
BE.TEC.BE.TEC.B1,4.702516,50.650314,197,35.950276
BE.TEC.BE.TEC.B1,4.697206,50.651373,198,36.551865
BE.TEC.BE.TEC.B1,4.695267,50.651761,199,36.771618
BE.TEC.BE.TEC.B1,4.694754,50.651863,200,36.829738
BE.TEC.BE.TEC.B1,4.689900,50.652836,201,37.379760
BE.TEC.BE.TEC.B1,4.689468,50.652923,202,37.428760
BE.TEC.BE.TEC.B1,4.686104,50.653609,203,37.810145
BE.TEC.BE.TEC.B1,4.681100,50.654623,204,38.377548
BE.TEC.BE.TEC.B1,4.680864,50.654664,205,38.404092
BE.TEC.BE.TEC.B1,4.680603,50.654709,206,38.433533
BE.TEC.BE.TEC.B1,4.680006,50.654843,207,38.501547
BE.TEC.BE.TEC.B1,4.669047,50.657075,208,39.744163
BE.TEC.BE.TEC.B1,4.663516,50.658186,209,40.371037
BE.TEC.BE.TEC.B1,4.658622,50.659235,210,40.927117
BE.TEC.BE.TEC.B1,4.658330,50.659298,211,40.960337
BE.TEC.BE.TEC.B1,4.655778,50.659846,212,41.250310
BE.TEC.BE.TEC.B1,4.655499,50.659902,213,41.281960
BE.TEC.BE.TEC.B1,4.655179,50.659985,214,41.318714
BE.TEC.BE.TEC.B1,4.653470,50.660401,215,41.514114
BE.TEC.BE.TEC.B1,4.652784,50.660574,216,41.592749
BE.TEC.BE.TEC.B1,4.652214,50.660719,217,41.658088
BE.TEC.BE.TEC.B1,4.652039,50.660756,218,41.677936
BE.TEC.BE.TEC.B1,4.651975,50.660795,219,41.686215
BE.TEC.BE.TEC.B1,4.651917,50.660826,220,41.693628
BE.TEC.BE.TEC.B1,4.651790,50.660873,221,41.708648
BE.TEC.BE.TEC.B1,4.651384,50.661021,222,41.756587
BE.TEC.BE.TEC.B1,4.650934,50.661163,223,41.809004
BE.TEC.BE.TEC.B1,4.650644,50.661268,224,41.843330
BE.TEC.BE.TEC.B1,4.650380,50.661370,225,41.874726
BE.TEC.BE.TEC.B1,4.650193,50.661481,226,41.898811
BE.TEC.BE.TEC.B1,4.650022,50.661601,227,41.922038
BE.TEC.BE.TEC.B1,4.649914,50.661677,228,41.936702
BE.TEC.BE.TEC.B1,4.649802,50.661765,229,41.952479
BE.TEC.BE.TEC.B1,4.649717,50.661860,230,41.966652
BE.TEC.BE.TEC.B1,4.649646,50.661924,231,41.977221
BE.TEC.BE.TEC.B1,4.649576,50.661992,232,41.988128
BE.TEC.BE.TEC.B1,4.649489,50.662094,233,42.003001
BE.TEC.BE.TEC.B1,4.649476,50.662132,234,42.007461
BE.TEC.BE.TEC.B1,4.649441,50.662192,235,42.015087
BE.TEC.BE.TEC.B1,4.649427,50.662250,236,42.021793
BE.TEC.BE.TEC.B1,4.649403,50.662306,237,42.028507
BE.TEC.BE.TEC.B1,4.649350,50.662477,238,42.048353
BE.TEC.BE.TEC.B1,4.649315,50.662595,239,42.061986
BE.TEC.BE.TEC.B1,4.649207,50.662727,240,42.080877
BE.TEC.BE.TEC.B1,4.649160,50.662785,241,42.089262
BE.TEC.BE.TEC.B1,4.649009,50.662896,242,42.109989
BE.TEC.BE.TEC.B1,4.648864,50.662961,243,42.127651
BE.TEC.BE.TEC.B1,4.648685,50.663034,244,42.149081
BE.TEC.BE.TEC.B1,4.648535,50.663084,245,42.166649
BE.TEC.BE.TEC.B1,4.648303,50.663118,246,42.192700
BE.TEC.BE.TEC.B1,4.648170,50.663128,247,42.207508
BE.TEC.BE.TEC.B1,4.647975,50.663116,248,42.229296
BE.TEC.BE.TEC.B1,4.647822,50.663109,249,42.246239
BE.TEC.BE.TEC.B1,4.647714,50.663113,250,42.258330
BE.TEC.BE.TEC.B1,4.647612,50.663109,251,42.269622
BE.TEC.BE.TEC.B1,4.647537,50.663106,252,42.277950
BE.TEC.BE.TEC.B1,4.647311,50.662792,253,42.320842
BE.TEC.BE.TEC.B1,4.647252,50.662708,254,42.332260
BE.TEC.BE.TEC.B1,4.647054,50.662398,255,42.373012
BE.TEC.BE.TEC.B1,4.646913,50.662188,256,42.401150
BE.TEC.BE.TEC.B1,4.646869,50.662117,257,42.410392
BE.TEC.BE.TEC.B1,4.646832,50.662061,258,42.417809
BE.TEC.BE.TEC.B1,4.646790,50.661999,259,42.426076
BE.TEC.BE.TEC.B1,4.646695,50.661879,260,42.443064
BE.TEC.BE.TEC.B1,4.646612,50.661768,261,42.458474
BE.TEC.BE.TEC.B1,4.646534,50.661661,262,42.473143
BE.TEC.BE.TEC.B1,4.646425,50.661538,263,42.491372
BE.TEC.BE.TEC.B1,4.646318,50.661403,264,42.510495
BE.TEC.BE.TEC.B1,4.646232,50.661303,265,42.525029
BE.TEC.BE.TEC.B1,4.645729,50.660792,266,42.604631
BE.TEC.BE.TEC.B1,4.645707,50.660740,267,42.610881
BE.TEC.BE.TEC.B1,4.764972,50.625305,268,56.432999
BE.TEC.BE.TEC.B1,4.764941,50.625243,269,56.440666
BE.TEC.BE.TEC.B1,4.764428,50.624847,270,56.512581
BE.TEC.BE.TEC.B1,4.763392,50.624027,271,56.659258
BE.TEC.BE.TEC.B1,4.763143,50.623840,272,56.693719
BE.TEC.BE.TEC.B1,4.763051,50.623765,273,56.706956
BE.TEC.BE.TEC.B1,4.763054,50.623746,274,56.709008
BE.TEC.BE.TEC.B1,4.763048,50.623709,275,56.713201
BE.TEC.BE.TEC.B1,4.763029,50.623673,276,56.717633
BE.TEC.BE.TEC.B1,4.763000,50.623641,277,56.722515
BE.TEC.BE.TEC.B1,4.762960,50.623613,278,56.727889
BE.TEC.BE.TEC.B1,4.762912,50.623591,279,56.733728
BE.TEC.BE.TEC.B1,4.762858,50.623576,280,56.739954
BE.TEC.BE.TEC.B1,4.762800,50.623569,281,56.746421
BE.TEC.BE.TEC.B1,4.762767,50.623569,282,56.750088
BE.TEC.BE.TEC.B1,4.762685,50.623528,283,56.760274
BE.TEC.BE.TEC.B1,4.762522,50.623399,284,56.783404
BE.TEC.BE.TEC.B1,4.762256,50.623200,285,56.820254
BE.TEC.BE.TEC.B1,4.762117,50.623088,286,56.840007
BE.TEC.BE.TEC.B1,4.761885,50.622872,287,56.875237
BE.TEC.BE.TEC.B1,4.761358,50.622457,288,56.949658
BE.TEC.BE.TEC.B1,4.761242,50.622362,289,56.966276
BE.TEC.BE.TEC.B1,4.761138,50.622280,290,56.980968
BE.TEC.BE.TEC.B1,4.779588,50.636609,291,59.573494
BE.TEC.BE.TEC.B1,4.779196,50.636311,292,59.628135
BE.TEC.BE.TEC.B1,4.778315,50.635652,293,59.750234
BE.TEC.BE.TEC.B1,4.777786,50.635254,294,59.823648
BE.TEC.BE.TEC.B1,4.777068,50.634691,295,59.924939
BE.TEC.BE.TEC.B1,4.772776,50.631349,296,60.528649
BE.TEC.BE.TEC.B1,4.770659,50.629701,297,60.826361
BE.TEC.BE.TEC.B1,4.769832,50.629053,298,60.942974
BE.TEC.BE.TEC.B1,4.768999,50.628399,299,61.060543
BE.TEC.BE.TEC.B1,4.768309,50.627859,300,61.157733
BE.TEC.BE.TEC.B1,4.765170,50.625450,301,61.596905
BE.TEC.BE.TEC.B1,4.764972,50.625305,302,61.624129
BE.TEC.BE.TEC.B1,4.779588,50.636609,303,63.674713
BE.TEC.BE.TEC.B1,4.779698,50.636626,304,63.687129
BE.TEC.BE.TEC.B1,4.780104,50.636953,305,63.744930
BE.TEC.BE.TEC.B1,4.780152,50.636948,306,63.750343
BE.TEC.BE.TEC.B1,4.780212,50.636951,307,63.756984
BE.TEC.BE.TEC.B1,4.780251,50.636962,308,63.761449
BE.TEC.BE.TEC.B1,4.780289,50.636973,309,63.765917
BE.TEC.BE.TEC.B1,4.780356,50.637013,310,63.774552
BE.TEC.BE.TEC.B1,4.780375,50.637042,311,63.778377
BE.TEC.BE.TEC.B1,4.780383,50.637075,312,63.782149
BE.TEC.BE.TEC.B1,4.780385,50.637100,313,63.784955
BE.TEC.BE.TEC.B1,4.780379,50.637126,314,63.787857
BE.TEC.BE.TEC.B1,4.780798,50.637475,315,63.848357
BE.TEC.BE.TEC.B1,4.780844,50.637578,316,63.860827
BE.TEC.BE.TEC.B1,4.780844,50.637578,317,63.860827
BE.TEC.BE.TEC.B1,4.780741,50.637535,318,63.873209
BE.TEC.BE.TEC.B1,4.780305,50.637167,319,63.936549
BE.TEC.BE.TEC.B1,4.780272,50.637176,320,63.940364
BE.TEC.BE.TEC.B1,4.780243,50.637179,321,63.943568
BE.TEC.BE.TEC.B1,4.780208,50.637181,322,63.947487
BE.TEC.BE.TEC.B1,4.780161,50.637176,323,63.952738
BE.TEC.BE.TEC.B1,4.780118,50.637162,324,63.957719
BE.TEC.BE.TEC.B1,4.780084,50.637143,325,63.962044
BE.TEC.BE.TEC.B1,4.780061,50.637127,326,63.965175
BE.TEC.BE.TEC.B1,4.780028,50.637089,327,63.970749
BE.TEC.BE.TEC.B1,4.780021,50.637063,328,63.973734
BE.TEC.BE.TEC.B1,4.780019,50.637036,329,63.976700
BE.TEC.BE.TEC.B1,4.780025,50.637015,330,63.979132
BE.TEC.BE.TEC.B1,4.780036,50.636990,331,63.982220
BE.TEC.BE.TEC.B1,4.779603,50.636672,332,64.041843
BE.TEC.BE.TEC.B1,4.779588,50.636609,333,64.049043
BE.TEC.BE.TEC.B1,4.780844,50.637578,334,64.225073
BE.TEC.BE.TEC.B1,4.781921,50.638416,335,64.376596
BE.TEC.BE.TEC.B1,4.782047,50.638513,336,64.394185
BE.TEC.BE.TEC.B1,4.782924,50.639196,337,64.517568
BE.TEC.BE.TEC.B1,4.787365,50.642653,338,65.142168
BE.TEC.BE.TEC.B1,4.789284,50.644127,339,65.410749
BE.TEC.BE.TEC.B1,4.790222,50.644860,340,65.542852
BE.TEC.BE.TEC.B1,4.790915,50.645403,341,65.640534
BE.TEC.BE.TEC.B1,4.795665,50.649118,342,66.309744
BE.TEC.BE.TEC.B1,4.803261,50.655031,343,67.378005
BE.TEC.BE.TEC.B1,4.803340,50.655093,344,67.389167
BE.TEC.BE.TEC.B1,4.809737,50.660075,345,68.288951
BE.TEC.BE.TEC.B1,4.812413,50.662159,346,68.665432
BE.TEC.BE.TEC.B1,4.812541,50.662258,347,68.683350
BE.TEC.BE.TEC.B1,4.813081,50.662680,348,68.759391
BE.TEC.BE.TEC.B1,4.818325,50.666710,349,69.493372
BE.TEC.BE.TEC.B1,4.823165,50.670433,350,70.171099
BE.TEC.BE.TEC.B1,4.823314,50.670547,351,70.191865
BE.TEC.BE.TEC.B1,4.823423,50.670632,352,70.207248
BE.TEC.BE.TEC.B1,4.823997,50.671079,353,70.287972
BE.TEC.BE.TEC.B1,4.824121,50.671170,354,70.305101
BE.TEC.BE.TEC.B1,4.824342,50.671332,355,70.335492
BE.TEC.BE.TEC.B1,4.639582,50.658902,356,90.913066
BE.TEC.BE.TEC.B1,4.640091,50.658884,357,90.969653
BE.TEC.BE.TEC.B1,4.640675,50.658888,358,91.034573
BE.TEC.BE.TEC.B1,4.640953,50.658906,359,91.065495
BE.TEC.BE.TEC.B1,4.641292,50.658944,360,91.103413
BE.TEC.BE.TEC.B1,4.641739,50.659017,361,91.153771
BE.TEC.BE.TEC.B1,4.642155,50.659094,362,91.200690
BE.TEC.BE.TEC.B1,4.642474,50.659161,363,91.236956
BE.TEC.BE.TEC.B1,4.643049,50.659292,364,91.302525
BE.TEC.BE.TEC.B1,4.643371,50.659391,365,91.339919
BE.TEC.BE.TEC.B1,4.643682,50.659507,366,91.376763
BE.TEC.BE.TEC.B1,4.644079,50.659678,367,91.424815
BE.TEC.BE.TEC.B1,4.644412,50.659830,368,91.465442
BE.TEC.BE.TEC.B1,4.644698,50.659994,369,91.502040
BE.TEC.BE.TEC.B1,4.644980,50.660163,370,91.538525
BE.TEC.BE.TEC.B1,4.645258,50.660359,371,91.576356
BE.TEC.BE.TEC.B1,4.645468,50.660521,372,91.605793
BE.TEC.BE.TEC.B1,4.645707,50.660740,373,91.641718
BE.TEC.BE.TEC.B1,4.639582,50.658902,374,92.352156
BE.TEC.BE.TEC.B1,4.639338,50.658979,375,92.380553
BE.TEC.BE.TEC.B1,4.637569,50.659153,376,92.578063
BE.TEC.BE.TEC.B1,4.637271,50.659169,377,92.611292
BE.TEC.BE.TEC.B1,4.636967,50.659175,378,92.645026
BE.TEC.BE.TEC.B1,4.636609,50.659157,379,92.684940
BE.TEC.BE.TEC.B1,4.636425,50.659138,380,92.705394
BE.TEC.BE.TEC.B1,4.636201,50.659097,381,92.730710
BE.TEC.BE.TEC.B1,4.636080,50.659072,382,92.744420
BE.TEC.BE.TEC.B1,4.635646,50.658959,383,92.794357
BE.TEC.BE.TEC.B1,4.634852,50.658810,384,92.884021
BE.TEC.BE.TEC.B1,4.634679,50.658797,385,92.903289
BE.TEC.BE.TEC.B1,4.634558,50.658807,386,92.916779
BE.TEC.BE.TEC.B1,4.634469,50.658837,387,92.927283
BE.TEC.BE.TEC.B1,4.634329,50.658904,388,92.944489
BE.TEC.BE.TEC.B1,4.634035,50.659093,389,92.983270
BE.TEC.BE.TEC.B1,4.633920,50.659250,390,93.004839
BE.TEC.BE.TEC.B1,4.633714,50.659604,391,93.050329
BE.TEC.BE.TEC.B1,4.633683,50.659647,392,93.056163
BE.TEC.BE.TEC.B1,4.633147,50.660371,393,93.156050
BE.TEC.BE.TEC.B1,4.631509,50.662585,394,93.461382
BE.TEC.BE.TEC.B1,4.631531,50.662598,395,93.464231
BE.TEC.BE.TEC.B1,4.631568,50.662632,396,93.469707
BE.TEC.BE.TEC.B1,4.631595,50.662668,397,93.474748
BE.TEC.BE.TEC.B1,4.631612,50.662707,398,93.479464
BE.TEC.BE.TEC.B1,4.631617,50.662747,399,93.483961
BE.TEC.BE.TEC.B1,4.631612,50.662788,400,93.488464
BE.TEC.BE.TEC.B1,4.631596,50.662827,401,93.493168
BE.TEC.BE.TEC.B1,4.631575,50.662855,402,93.496970
BE.TEC.BE.TEC.B1,4.631569,50.662864,403,93.498201
BE.TEC.BE.TEC.B1,4.631533,50.662897,404,93.503659
BE.TEC.BE.TEC.B1,4.631488,50.662925,405,93.509566
BE.TEC.BE.TEC.B1,4.631436,50.662949,406,93.515905
BE.TEC.BE.TEC.B1,4.631378,50.662966,407,93.522562
BE.TEC.BE.TEC.B1,4.631317,50.662977,408,93.529496
BE.TEC.BE.TEC.B1,4.631254,50.662980,409,93.536542
BE.TEC.BE.TEC.B1,4.631222,50.662979,410,93.540103
BE.TEC.BE.TEC.B1,4.630259,50.664307,411,93.721976
BE.TEC.BE.TEC.B1,4.630178,50.664419,412,93.737411
BE.TEC.BE.TEC.B1,4.627863,50.667613,413,94.174751
BE.TEC.BE.TEC.B1,4.627818,50.667676,414,94.183406
BE.TEC.BE.TEC.B1,4.627490,50.668111,415,94.243746
BE.TEC.BE.TEC.B1,4.627423,50.668213,416,94.257304
BE.TEC.BE.TEC.B1,4.627368,50.668298,417,94.268520
BE.TEC.BE.TEC.B1,4.627425,50.668405,418,94.281973
BE.TEC.BE.TEC.B1,4.627402,50.668540,419,94.297106
BE.TEC.BE.TEC.B1,4.627373,50.668572,420,94.301914
BE.TEC.BE.TEC.B1,4.627331,50.668611,421,94.308284
BE.TEC.BE.TEC.B1,4.627279,50.668644,422,94.315179
BE.TEC.BE.TEC.B1,4.627218,50.668671,423,94.322567
BE.TEC.BE.TEC.B1,4.627151,50.668691,424,94.330356
BE.TEC.BE.TEC.B1,4.627079,50.668704,425,94.338419
BE.TEC.BE.TEC.B1,4.627056,50.668705,426,94.340946
BE.TEC.BE.TEC.B1,4.627005,50.668708,427,94.346645
BE.TEC.BE.TEC.B1,4.626931,50.668704,428,94.354891
BE.TEC.BE.TEC.B1,4.626866,50.668693,429,94.362236
BE.TEC.BE.TEC.B1,4.626763,50.668659,430,94.374275
BE.TEC.BE.TEC.B1,4.626731,50.668645,431,94.378139
BE.TEC.BE.TEC.B1,4.626678,50.668612,432,94.385054
BE.TEC.BE.TEC.B1,4.626636,50.668574,433,94.391449
BE.TEC.BE.TEC.B1,4.626604,50.668531,434,94.397333
BE.TEC.BE.TEC.B1,4.626585,50.668485,435,94.402809
BE.TEC.BE.TEC.B1,4.626578,50.668438,436,94.408068
BE.TEC.BE.TEC.B1,4.626582,50.668409,437,94.411308
BE.TEC.BE.TEC.B1,4.626415,50.668370,438,94.430378
BE.TEC.BE.TEC.B1,4.626000,50.668236,439,94.478786
BE.TEC.BE.TEC.B1,4.625926,50.668213,440,94.487394
BE.TEC.BE.TEC.B1,4.624271,50.667698,441,94.679946
BE.TEC.BE.TEC.B1,4.624072,50.667624,442,94.703530
BE.TEC.BE.TEC.B1,4.623739,50.667478,443,94.743964
BE.TEC.BE.TEC.B1,4.623685,50.667453,444,94.750577
BE.TEC.BE.TEC.B1,4.623587,50.667407,445,94.762557
BE.TEC.BE.TEC.B1,4.623374,50.667298,446,94.789173
BE.TEC.BE.TEC.B1,4.623205,50.667197,447,94.810994
BE.TEC.BE.TEC.B1,4.623023,50.667097,448,94.834003
BE.TEC.BE.TEC.B1,4.622798,50.666954,449,94.863628
BE.TEC.BE.TEC.B1,4.622574,50.666794,450,94.894192
BE.TEC.BE.TEC.B1,4.622379,50.666632,451,94.922376
BE.TEC.BE.TEC.B1,4.621996,50.666281,452,94.979991
BE.TEC.BE.TEC.B1,4.621114,50.665410,453,95.117494
BE.TEC.BE.TEC.B1,4.620167,50.664479,454,95.264872
BE.TEC.BE.TEC.B1,4.620054,50.664365,455,95.282657
BE.TEC.BE.TEC.B1,4.619961,50.664249,456,95.299146
BE.TEC.BE.TEC.B1,4.619933,50.664244,457,95.302341
BE.TEC.BE.TEC.B1,4.619909,50.664239,458,95.305087
BE.TEC.BE.TEC.B1,4.619884,50.664236,459,95.307792
BE.TEC.BE.TEC.B1,4.619860,50.664228,460,95.310610
BE.TEC.BE.TEC.B1,4.619844,50.664221,461,95.312602
BE.TEC.BE.TEC.B1,4.619832,50.664212,462,95.314242
BE.TEC.BE.TEC.B1,4.619824,50.664205,463,95.315414
BE.TEC.BE.TEC.B1,4.619816,50.664198,464,95.316647
BE.TEC.BE.TEC.B1,4.619812,50.664190,465,95.317585
BE.TEC.BE.TEC.B1,4.619800,50.664173,466,95.319934
BE.TEC.BE.TEC.B1,4.619790,50.664154,467,95.322348
BE.TEC.BE.TEC.B1,4.619791,50.664129,468,95.325068
BE.TEC.BE.TEC.B1,4.619797,50.664117,469,95.326599
BE.TEC.BE.TEC.B1,4.619810,50.664089,470,95.329981
BE.TEC.BE.TEC.B1,4.619716,50.663997,471,95.344691
BE.TEC.BE.TEC.B1,4.619360,50.663653,472,95.399562
BE.TEC.BE.TEC.B1,4.619109,50.663399,473,95.439210
BE.TEC.BE.TEC.B1,4.617995,50.662316,474,95.611520
BE.TEC.BE.TEC.B1,4.617540,50.661847,475,95.684051
BE.TEC.BE.TEC.B1,4.616739,50.661015,476,95.812151
BE.TEC.BE.TEC.B1,4.616395,50.660639,477,95.868733
BE.TEC.BE.TEC.B1,4.616243,50.660507,478,95.891003
BE.TEC.BE.TEC.B1,4.615981,50.660334,479,95.925923
BE.TEC.BE.TEC.B1,4.615891,50.660315,480,95.936117
BE.TEC.BE.TEC.B1,4.615816,50.660276,481,95.945559
BE.TEC.BE.TEC.B1,4.615780,50.660243,482,95.950937
BE.TEC.BE.TEC.B1,4.615780,50.660243,483,95.950937
BE.TEC.BE.TEC.B1,4.615763,50.660216,484,95.954441
BE.TEC.BE.TEC.B1,4.615749,50.660164,485,95.960462
BE.TEC.BE.TEC.B1,4.615756,50.660123,486,95.965002
BE.TEC.BE.TEC.B1,4.615777,50.660089,487,95.969489
BE.TEC.BE.TEC.B1,4.615798,50.660069,488,95.972677
BE.TEC.BE.TEC.B1,4.615852,50.660040,489,95.979462
BE.TEC.BE.TEC.B1,4.615887,50.660025,490,95.983727
BE.TEC.BE.TEC.B1,4.615977,50.660004,491,95.993932
BE.TEC.BE.TEC.B1,4.616069,50.660019,492,96.004286
BE.TEC.BE.TEC.B1,4.616154,50.660046,493,96.014188
BE.TEC.BE.TEC.B1,4.616220,50.660085,494,96.022717
BE.TEC.BE.TEC.B1,4.616263,50.660156,495,96.031984
BE.TEC.BE.TEC.B1,4.616240,50.660234,496,96.041000
BE.TEC.BE.TEC.B1,4.616211,50.660264,497,96.045567
BE.TEC.BE.TEC.B1,4.616269,50.660341,498,96.056142
BE.TEC.BE.TEC.B1,4.616432,50.660499,499,96.081392
BE.TEC.BE.TEC.B1,4.616505,50.660549,500,96.091177
BE.TEC.BE.TEC.B1,4.616673,50.660722,501,96.117946
BE.TEC.BE.TEC.B1,4.617501,50.661559,502,96.248573
BE.TEC.BE.TEC.B1,4.618221,50.662244,503,96.358832
BE.TEC.BE.TEC.B1,4.618531,50.662579,504,96.409473
BE.TEC.BE.TEC.B1,4.619288,50.663318,505,96.526886
BE.TEC.BE.TEC.B1,4.619538,50.663561,506,96.565527
BE.TEC.BE.TEC.B1,4.619847,50.663866,507,96.613659
BE.TEC.BE.TEC.B1,4.619909,50.663945,508,96.624835
BE.TEC.BE.TEC.B1,4.619982,50.664051,509,96.639133
BE.TEC.BE.TEC.B1,4.620004,50.664055,510,96.641676
BE.TEC.BE.TEC.B1,4.620037,50.664061,511,96.645317
BE.TEC.BE.TEC.B1,4.620064,50.664070,512,96.648510
BE.TEC.BE.TEC.B1,4.620075,50.664075,513,96.649868
BE.TEC.BE.TEC.B1,4.620092,50.664085,514,96.652008
BE.TEC.BE.TEC.B1,4.620108,50.664098,515,96.654367
BE.TEC.BE.TEC.B1,4.620118,50.664111,516,96.656111
BE.TEC.BE.TEC.B1,4.620124,50.664126,517,96.658009
BE.TEC.BE.TEC.B1,4.620128,50.664140,518,96.659589
BE.TEC.BE.TEC.B1,4.620129,50.664155,519,96.661190
BE.TEC.BE.TEC.B1,4.620125,50.664175,520,96.663510
BE.TEC.BE.TEC.B1,4.620221,50.664281,521,96.679466
BE.TEC.BE.TEC.B1,4.620421,50.664455,522,96.708807
BE.TEC.BE.TEC.B1,4.620737,50.664727,523,96.755066
BE.TEC.BE.TEC.B1,4.622234,50.666176,524,96.986197
BE.TEC.BE.TEC.B1,4.622288,50.666229,525,96.994585
BE.TEC.BE.TEC.B1,4.622685,50.666593,526,97.054421
BE.TEC.BE.TEC.B1,4.622813,50.666700,527,97.072893
BE.TEC.BE.TEC.B1,4.623017,50.666836,528,97.100093
BE.TEC.BE.TEC.B1,4.623191,50.666943,529,97.122798
BE.TEC.BE.TEC.B1,4.623314,50.667016,530,97.138629
BE.TEC.BE.TEC.B1,4.623413,50.667075,531,97.151424
BE.TEC.BE.TEC.B1,4.623627,50.667188,532,97.178323
BE.TEC.BE.TEC.B1,4.623761,50.667261,533,97.195276
BE.TEC.BE.TEC.B1,4.623794,50.667279,534,97.199426
BE.TEC.BE.TEC.B1,4.623964,50.667360,535,97.220423
BE.TEC.BE.TEC.B1,4.624098,50.667418,536,97.236589
BE.TEC.BE.TEC.B1,4.624170,50.667448,537,97.245277
BE.TEC.BE.TEC.B1,4.624229,50.667472,538,97.252313
BE.TEC.BE.TEC.B1,4.624442,50.667544,539,97.277346
BE.TEC.BE.TEC.B1,4.625708,50.667953,540,97.425071
BE.TEC.BE.TEC.B1,4.626427,50.668171,541,97.508540
BE.TEC.BE.TEC.B1,4.626581,50.668226,542,97.526698
BE.TEC.BE.TEC.B1,4.626677,50.668264,543,97.538226
BE.TEC.BE.TEC.B1,4.626729,50.668231,544,97.545041
BE.TEC.BE.TEC.B1,4.626790,50.668204,545,97.552428
BE.TEC.BE.TEC.B1,4.626796,50.668202,546,97.553195
BE.TEC.BE.TEC.B1,4.626857,50.668184,547,97.560218
BE.TEC.BE.TEC.B1,4.626870,50.668181,548,97.561706
BE.TEC.BE.TEC.B1,4.626928,50.668171,549,97.568281
BE.TEC.BE.TEC.B1,4.627002,50.668167,550,97.576518
BE.TEC.BE.TEC.B1,4.627076,50.668171,551,97.584753
BE.TEC.BE.TEC.B1,4.627109,50.668176,552,97.588426
BE.TEC.BE.TEC.B1,4.627145,50.668121,553,97.595779
BE.TEC.BE.TEC.B1,4.627194,50.668059,554,97.604474
BE.TEC.BE.TEC.B1,4.630959,50.662885,555,98.314090
BE.TEC.BE.TEC.B1,4.630937,50.662865,556,98.317406
BE.TEC.BE.TEC.B1,4.630910,50.662828,557,98.322447
BE.TEC.BE.TEC.B1,4.630893,50.662789,558,98.327159
BE.TEC.BE.TEC.B1,4.630887,50.662749,559,98.331658
BE.TEC.BE.TEC.B1,4.630892,50.662709,560,98.336160
BE.TEC.BE.TEC.B1,4.630909,50.662670,561,98.340865
BE.TEC.BE.TEC.B1,4.630935,50.662633,562,98.345898
BE.TEC.BE.TEC.B1,4.630964,50.662606,563,98.350241
BE.TEC.BE.TEC.B1,4.630972,50.662600,564,98.351356
BE.TEC.BE.TEC.B1,4.631017,50.662571,565,98.357257
BE.TEC.BE.TEC.B1,4.631069,50.662548,566,98.363600
BE.TEC.BE.TEC.B1,4.631126,50.662530,567,98.370268
BE.TEC.BE.TEC.B1,4.631188,50.662520,568,98.377191
BE.TEC.BE.TEC.B1,4.631229,50.662517,569,98.381821
BE.TEC.BE.TEC.B1,4.631829,50.661726,570,98.491896
BE.TEC.BE.TEC.B1,4.633446,50.659536,571,98.793875
BE.TEC.BE.TEC.B1,4.633482,50.659485,572,98.800734
BE.TEC.BE.TEC.B1,4.633759,50.659095,573,98.853778
BE.TEC.BE.TEC.B1,4.633834,50.659006,574,98.866707
BE.TEC.BE.TEC.B1,4.634053,50.658714,575,98.907131
BE.TEC.BE.TEC.B1,4.634113,50.658613,576,98.920225
BE.TEC.BE.TEC.B1,4.634167,50.658544,577,98.929841
BE.TEC.BE.TEC.B1,4.634142,50.658501,578,98.935392
BE.TEC.BE.TEC.B1,4.634118,50.658427,579,98.944025
BE.TEC.BE.TEC.B1,4.634131,50.658344,580,98.953311
BE.TEC.BE.TEC.B1,4.634157,50.658303,581,98.958727
BE.TEC.BE.TEC.B1,4.634214,50.658257,582,98.966802
BE.TEC.BE.TEC.B1,4.634314,50.658231,583,98.978349
BE.TEC.BE.TEC.B1,4.634398,50.658229,584,98.987632
BE.TEC.BE.TEC.B1,4.634519,50.658255,585,99.001409
BE.TEC.BE.TEC.B1,4.634560,50.658274,586,99.006461
BE.TEC.BE.TEC.B1,4.634618,50.658314,587,99.014213
BE.TEC.BE.TEC.B1,4.634645,50.658360,588,99.020145
BE.TEC.BE.TEC.B1,4.634662,50.658409,589,99.025961
BE.TEC.BE.TEC.B1,4.634790,50.658527,590,99.045273
BE.TEC.BE.TEC.B1,4.634839,50.658565,591,99.052169
BE.TEC.BE.TEC.B1,4.634980,50.658640,592,99.069894
BE.TEC.BE.TEC.B1,4.635280,50.658754,593,99.105484
BE.TEC.BE.TEC.B1,4.635547,50.658819,594,99.136066
BE.TEC.BE.TEC.B1,4.635712,50.658853,595,99.154751
BE.TEC.BE.TEC.B1,4.636084,50.658914,596,99.196722
BE.TEC.BE.TEC.B1,4.636305,50.658955,597,99.221699
BE.TEC.BE.TEC.B1,4.636451,50.658974,598,99.237981
BE.TEC.BE.TEC.B1,4.636660,50.658998,599,99.261412
BE.TEC.BE.TEC.B1,4.637117,50.658998,600,99.312229
BE.TEC.BE.TEC.B1,4.637704,50.658987,601,99.377405
BE.TEC.BE.TEC.B1,4.639298,50.658878,602,99.554948
BE.TEC.BE.TEC.B1,4.639582,50.658902,603,99.586669
BE.TEC.BE.TEC.B1,4.615780,50.660243,604,102.235850
BE.TEC.BE.TEC.B1,4.615495,50.660374,605,102.270645
BE.TEC.BE.TEC.B1,4.615326,50.660449,606,102.291220
BE.TEC.BE.TEC.B1,4.615199,50.660503,607,102.306561
BE.TEC.BE.TEC.B1,4.615067,50.660561,608,102.322509
BE.TEC.BE.TEC.B1,4.614962,50.660634,609,102.336741
BE.TEC.BE.TEC.B1,4.614811,50.660715,610,102.355830
BE.TEC.BE.TEC.B1,4.614620,50.660843,611,102.381324
BE.TEC.BE.TEC.B1,4.614471,50.661005,612,102.405751
BE.TEC.BE.TEC.B1,4.614377,50.661107,613,102.421131
BE.TEC.BE.TEC.B1,4.614293,50.661239,614,102.438499
BE.TEC.BE.TEC.B1,4.614153,50.661473,615,102.468740
BE.TEC.BE.TEC.B1,4.614074,50.661689,616,102.494218
BE.TEC.BE.TEC.B1,4.613995,50.661974,617,102.526964
BE.TEC.BE.TEC.B1,4.613944,50.662169,618,102.549267
BE.TEC.BE.TEC.B1,4.613884,50.662397,619,102.575390
BE.TEC.BE.TEC.B1,4.613843,50.662562,620,102.594220
BE.TEC.BE.TEC.B1,4.613701,50.663042,621,102.649713
BE.TEC.BE.TEC.B1,4.613662,50.663214,622,102.669179
BE.TEC.BE.TEC.B1,4.613566,50.663496,623,102.702208
BE.TEC.BE.TEC.B1,4.613533,50.663492,624,102.705835
BE.TEC.BE.TEC.B1,4.613498,50.663480,625,102.709981
BE.TEC.BE.TEC.B1,4.613469,50.663468,626,102.713401
BE.TEC.BE.TEC.B1,4.613441,50.663444,627,102.717527
BE.TEC.BE.TEC.B1,4.613414,50.663418,628,102.721670
BE.TEC.BE.TEC.B1,4.613395,50.663390,629,102.725391
BE.TEC.BE.TEC.B1,4.613393,50.663345,630,102.730439
BE.TEC.BE.TEC.B1,4.613408,50.663309,631,102.734783
BE.TEC.BE.TEC.B1,4.613427,50.663279,632,102.738696
BE.TEC.BE.TEC.B1,4.613472,50.663244,633,102.745019
BE.TEC.BE.TEC.B1,4.613517,50.663226,634,102.750427
BE.TEC.BE.TEC.B1,4.613555,50.663214,635,102.754826
BE.TEC.BE.TEC.B1,4.613604,50.663210,636,102.760286
BE.TEC.BE.TEC.B1,4.613662,50.663214,637,102.766798
BE.TEC.BE.TEC.B1,4.613566,50.663496,638,102.799826
BE.TEC.BE.TEC.B1,4.613613,50.663497,639,102.805062
BE.TEC.BE.TEC.B1,4.613671,50.663491,640,102.811588
BE.TEC.BE.TEC.B1,4.613722,50.663475,641,102.817502
BE.TEC.BE.TEC.B1,4.613769,50.663451,642,102.823382
BE.TEC.BE.TEC.B1,4.613810,50.663414,643,102.829542
BE.TEC.BE.TEC.B1,4.613833,50.663368,644,102.835173
BE.TEC.BE.TEC.B1,4.613831,50.663322,645,102.840218
BE.TEC.BE.TEC.B1,4.613800,50.663269,646,102.847078
BE.TEC.BE.TEC.B1,4.613736,50.663228,647,102.855530
BE.TEC.BE.TEC.B1,4.613662,50.663214,648,102.863861
BE.TEC.BE.TEC.B1,4.559485,50.664982,649,108.887504
BE.TEC.BE.TEC.B1,4.559678,50.665365,650,108.935083
BE.TEC.BE.TEC.B1,4.559977,50.665675,651,108.982748
BE.TEC.BE.TEC.B1,4.560668,50.666330,652,109.088416
BE.TEC.BE.TEC.B1,4.560990,50.666656,653,109.139253
BE.TEC.BE.TEC.B1,4.560801,50.666724,654,109.161543
BE.TEC.BE.TEC.B1,4.560253,50.666929,655,109.226566
BE.TEC.BE.TEC.B1,4.559289,50.667290,656,109.340858
BE.TEC.BE.TEC.B1,4.559275,50.667292,657,109.342414
BE.TEC.BE.TEC.B1,4.559261,50.667290,658,109.344039
BE.TEC.BE.TEC.B1,4.559149,50.667240,659,109.357678
BE.TEC.BE.TEC.B1,4.559050,50.667208,660,109.369197
BE.TEC.BE.TEC.B1,4.558875,50.667151,661,109.389686
BE.TEC.BE.TEC.B1,4.558686,50.667145,662,109.410653
BE.TEC.BE.TEC.B1,4.558366,50.667194,663,109.446670
BE.TEC.BE.TEC.B1,4.557847,50.667284,664,109.505127
BE.TEC.BE.TEC.B1,4.557499,50.667333,665,109.544245
BE.TEC.BE.TEC.B1,4.557376,50.667315,666,109.558020
BE.TEC.BE.TEC.B1,4.557130,50.667214,667,109.587537
BE.TEC.BE.TEC.B1,4.556830,50.667096,668,109.623384
BE.TEC.BE.TEC.B1,4.559485,50.664982,669,110.000084
BE.TEC.BE.TEC.B1,4.559031,50.665032,670,110.050823
BE.TEC.BE.TEC.B1,4.558711,50.665080,671,110.086842
BE.TEC.BE.TEC.B1,4.558419,50.665129,672,110.119730
BE.TEC.BE.TEC.B1,4.558155,50.665195,673,110.149961
BE.TEC.BE.TEC.B1,4.557877,50.665268,674,110.181870
BE.TEC.BE.TEC.B1,4.557712,50.665316,675,110.200935
BE.TEC.BE.TEC.B1,4.557491,50.665399,676,110.227193
BE.TEC.BE.TEC.B1,4.557298,50.665502,677,110.251502
BE.TEC.BE.TEC.B1,4.557272,50.665518,678,110.254888
BE.TEC.BE.TEC.B1,4.557118,50.665635,679,110.276388
BE.TEC.BE.TEC.B1,4.556978,50.665772,680,110.298066
BE.TEC.BE.TEC.B1,4.556889,50.665895,681,110.314909
BE.TEC.BE.TEC.B1,4.556787,50.666105,682,110.340815
BE.TEC.BE.TEC.B1,4.556735,50.666207,683,110.353490
BE.TEC.BE.TEC.B1,4.556669,50.666328,684,110.368692
BE.TEC.BE.TEC.B1,4.556668,50.666368,685,110.373159
BE.TEC.BE.TEC.B1,4.556665,50.666431,686,110.380188
BE.TEC.BE.TEC.B1,4.556704,50.667004,687,110.443721
BE.TEC.BE.TEC.B1,4.559485,50.664982,688,110.825382
BE.TEC.BE.TEC.B1,4.560010,50.664969,689,110.883728
BE.TEC.BE.TEC.B1,4.560387,50.664961,690,110.925666
BE.TEC.BE.TEC.B1,4.560594,50.664960,691,110.948636
BE.TEC.BE.TEC.B1,4.560708,50.664961,692,110.961305
BE.TEC.BE.TEC.B1,4.561241,50.665002,693,111.020676
BE.TEC.BE.TEC.B1,4.561401,50.665027,694,111.038710
BE.TEC.BE.TEC.B1,4.561527,50.665049,695,111.052937
BE.TEC.BE.TEC.B1,4.561664,50.665082,696,111.068525
BE.TEC.BE.TEC.B1,4.561920,50.665142,697,111.097819
BE.TEC.BE.TEC.B1,4.562847,50.665354,698,111.203414
BE.TEC.BE.TEC.B1,4.563640,50.665550,699,111.294176
BE.TEC.BE.TEC.B1,4.563991,50.665629,700,111.334197
BE.TEC.BE.TEC.B1,4.564134,50.665644,701,111.350094
BE.TEC.BE.TEC.B1,4.564328,50.665657,702,111.371805
BE.TEC.BE.TEC.B1,4.565039,50.665664,703,111.450763
BE.TEC.BE.TEC.B1,4.565325,50.665664,704,111.482556
BE.TEC.BE.TEC.B1,4.565595,50.665667,705,111.512595
BE.TEC.BE.TEC.B1,4.565915,50.665655,706,111.548137
BE.TEC.BE.TEC.B1,4.566081,50.665618,707,111.567062
BE.TEC.BE.TEC.B1,4.566227,50.665562,708,111.584363
BE.TEC.BE.TEC.B1,4.566273,50.665628,709,111.593251
BE.TEC.BE.TEC.B1,4.566360,50.665689,710,111.605116
BE.TEC.BE.TEC.B1,4.566477,50.665741,711,111.619277
BE.TEC.BE.TEC.B1,4.566807,50.665864,712,111.658457
BE.TEC.BE.TEC.B1,4.566968,50.665955,713,111.678911
BE.TEC.BE.TEC.B1,4.567063,50.666025,714,111.692032
BE.TEC.BE.TEC.B1,4.567122,50.666109,715,111.703452
BE.TEC.BE.TEC.B1,4.567186,50.666241,716,111.719732
BE.TEC.BE.TEC.B1,4.567279,50.666546,717,111.755066
BE.TEC.BE.TEC.B1,4.567424,50.666997,718,111.807537
BE.TEC.BE.TEC.B1,4.567714,50.667855,719,111.907909
BE.TEC.BE.TEC.B1,4.567900,50.668298,720,111.961114
BE.TEC.BE.TEC.B1,4.568810,50.670397,721,112.214645
BE.TEC.BE.TEC.B1,4.568901,50.670593,722,112.238595
BE.TEC.BE.TEC.B1,4.568920,50.670677,723,112.248192
BE.TEC.BE.TEC.B1,4.568965,50.670789,724,112.261578
BE.TEC.BE.TEC.B1,4.569078,50.670981,725,112.286206
BE.TEC.BE.TEC.B1,4.569184,50.671134,726,112.306886
BE.TEC.BE.TEC.B1,4.569345,50.671220,727,112.327122
BE.TEC.BE.TEC.B1,4.599942,50.664961,728,115.797189
BE.TEC.BE.TEC.B1,4.600420,50.664770,729,115.854361
BE.TEC.BE.TEC.B1,4.600770,50.664608,730,115.897169
BE.TEC.BE.TEC.B1,4.600859,50.664485,731,115.914012
BE.TEC.BE.TEC.B1,4.600962,50.664362,732,115.931821
BE.TEC.BE.TEC.B1,4.601018,50.664251,733,115.945601
BE.TEC.BE.TEC.B1,4.601027,50.664128,734,115.959250
BE.TEC.BE.TEC.B1,4.601007,50.663976,735,115.976316
BE.TEC.BE.TEC.B1,4.600955,50.663886,736,115.987831
BE.TEC.BE.TEC.B1,4.600898,50.663798,737,115.999437
BE.TEC.BE.TEC.B1,4.600768,50.663690,738,116.018114
BE.TEC.BE.TEC.B1,4.600551,50.663579,739,116.045241
BE.TEC.BE.TEC.B1,4.600334,50.663519,740,116.070264
BE.TEC.BE.TEC.B1,4.600136,50.663482,741,116.092677
BE.TEC.BE.TEC.B1,4.599919,50.663486,742,116.116774
BE.TEC.BE.TEC.B1,4.599752,50.663513,743,116.135506
BE.TEC.BE.TEC.B1,4.599611,50.663549,744,116.151711
BE.TEC.BE.TEC.B1,4.599451,50.663613,745,116.170855
BE.TEC.BE.TEC.B1,4.599332,50.663681,746,116.186103
BE.TEC.BE.TEC.B1,4.599241,50.663749,747,116.198695
BE.TEC.BE.TEC.B1,4.599113,50.663902,748,116.220758
BE.TEC.BE.TEC.B1,4.599069,50.663988,749,116.231445
BE.TEC.BE.TEC.B1,4.599048,50.664050,750,116.238720
BE.TEC.BE.TEC.B1,4.599049,50.664213,751,116.256853
BE.TEC.BE.TEC.B1,4.599103,50.664331,752,116.271211
BE.TEC.BE.TEC.B1,4.599144,50.664405,753,116.280590
BE.TEC.BE.TEC.B1,4.599213,50.664493,754,116.293007
BE.TEC.BE.TEC.B1,4.599349,50.664604,755,116.312514
BE.TEC.BE.TEC.B1,4.599504,50.664714,756,116.333542
BE.TEC.BE.TEC.B1,4.599696,50.664817,757,116.357767
BE.TEC.BE.TEC.B1,4.599942,50.664961,758,116.389380
BE.TEC.BE.TEC.B1,4.599942,50.664961,759,116.389380
BE.TEC.BE.TEC.B1,4.600074,50.665047,760,116.406943
BE.TEC.BE.TEC.B1,4.600263,50.665149,761,116.430776
BE.TEC.BE.TEC.B1,4.601177,50.665728,762,116.550899
BE.TEC.BE.TEC.B1,4.601365,50.665848,763,116.575668
BE.TEC.BE.TEC.B1,4.601758,50.666075,764,116.626004
BE.TEC.BE.TEC.B1,4.602122,50.666266,765,116.671652
BE.TEC.BE.TEC.B1,4.602523,50.666448,766,116.720636
BE.TEC.BE.TEC.B1,4.602901,50.666594,767,116.765637
BE.TEC.BE.TEC.B1,4.603057,50.666651,768,116.784064
BE.TEC.BE.TEC.B1,4.603166,50.666696,769,116.797182
BE.TEC.BE.TEC.B1,4.603320,50.666754,770,116.815477
BE.TEC.BE.TEC.B1,4.603472,50.666808,771,116.833287
BE.TEC.BE.TEC.B1,4.603591,50.666849,772,116.847371
BE.TEC.BE.TEC.B1,4.604092,50.667026,773,116.906332
BE.TEC.BE.TEC.B1,4.604470,50.667169,774,116.951228
BE.TEC.BE.TEC.B1,4.604772,50.667297,775,116.987704
BE.TEC.BE.TEC.B1,4.604956,50.667387,776,117.010467
BE.TEC.BE.TEC.B1,4.605174,50.667500,777,117.037706
BE.TEC.BE.TEC.B1,4.605275,50.667561,778,117.050771
BE.TEC.BE.TEC.B1,4.605425,50.667650,779,117.070104
BE.TEC.BE.TEC.B1,4.605656,50.667784,780,117.099845
BE.TEC.BE.TEC.B1,4.605860,50.667871,781,117.124374
BE.TEC.BE.TEC.B1,4.606006,50.667933,782,117.142069
BE.TEC.BE.TEC.B1,4.606214,50.668002,783,117.166379
BE.TEC.BE.TEC.B1,4.606341,50.668025,784,117.180776
BE.TEC.BE.TEC.B1,4.606502,50.668046,785,117.198758
BE.TEC.BE.TEC.B1,4.606657,50.668049,786,117.216052
BE.TEC.BE.TEC.B1,4.606766,50.668048,787,117.228098
BE.TEC.BE.TEC.B1,4.606921,50.668054,788,117.245400
BE.TEC.BE.TEC.B1,4.607105,50.668081,789,117.266058
BE.TEC.BE.TEC.B1,4.607198,50.668103,790,117.276625
BE.TEC.BE.TEC.B1,4.607507,50.668167,791,117.311654
BE.TEC.BE.TEC.B1,4.607846,50.668241,792,117.350309
BE.TEC.BE.TEC.B1,4.607969,50.668271,793,117.364346
BE.TEC.BE.TEC.B1,4.608187,50.668336,794,117.389559
BE.TEC.BE.TEC.B1,4.608409,50.668413,795,117.415700
BE.TEC.BE.TEC.B1,4.608848,50.668578,796,117.467761
BE.TEC.BE.TEC.B1,4.609056,50.668664,797,117.492772
BE.TEC.BE.TEC.B1,4.609250,50.668730,798,117.515498
BE.TEC.BE.TEC.B1,4.609457,50.668792,799,117.539605
BE.TEC.BE.TEC.B1,4.609580,50.668792,800,117.553217
BE.TEC.BE.TEC.B1,4.609627,50.668781,801,117.558557
BE.TEC.BE.TEC.B1,4.609782,50.668746,802,117.576286
BE.TEC.BE.TEC.B1,4.609891,50.668713,803,117.588964
BE.TEC.BE.TEC.B1,4.609928,50.668701,804,117.593254
BE.TEC.BE.TEC.B1,4.610158,50.668631,805,117.619974
BE.TEC.BE.TEC.B1,4.610207,50.668620,806,117.625508
BE.TEC.BE.TEC.B1,4.610250,50.668610,807,117.630407
BE.TEC.BE.TEC.B1,4.610290,50.668604,808,117.634967
BE.TEC.BE.TEC.B1,4.610364,50.668595,809,117.643251
BE.TEC.BE.TEC.B1,4.610431,50.668592,810,117.650602
BE.TEC.BE.TEC.B1,4.610468,50.668593,811,117.654737
BE.TEC.BE.TEC.B1,4.610900,50.668603,812,117.702821
BE.TEC.BE.TEC.B1,4.611107,50.668607,813,117.725796
BE.TEC.BE.TEC.B1,4.611665,50.668620,814,117.787797
BE.TEC.BE.TEC.B1,4.611793,50.668624,815,117.802075
BE.TEC.BE.TEC.B1,4.611855,50.668591,816,117.809907
BE.TEC.BE.TEC.B1,4.611898,50.668569,817,117.815276
BE.TEC.BE.TEC.B1,4.611924,50.668548,818,117.818947
BE.TEC.BE.TEC.B1,4.611946,50.668524,819,117.822572
BE.TEC.BE.TEC.B1,4.611969,50.668489,820,117.827207
BE.TEC.BE.TEC.B1,4.611992,50.668453,821,117.831970
BE.TEC.BE.TEC.B1,4.612110,50.668301,822,117.853252
BE.TEC.BE.TEC.B1,4.556704,50.667004,823,124.011938
BE.TEC.BE.TEC.B1,4.556650,50.667019,824,124.018103
BE.TEC.BE.TEC.B1,4.556611,50.667049,825,124.023591
BE.TEC.BE.TEC.B1,4.556597,50.667083,826,124.027666
BE.TEC.BE.TEC.B1,4.556597,50.667111,827,124.030768
BE.TEC.BE.TEC.B1,4.556613,50.667129,828,124.033409
BE.TEC.BE.TEC.B1,4.556648,50.667146,829,124.037755
BE.TEC.BE.TEC.B1,4.556692,50.667159,830,124.042852
BE.TEC.BE.TEC.B1,4.556725,50.667160,831,124.046520
BE.TEC.BE.TEC.B1,4.556761,50.667151,832,124.050654
BE.TEC.BE.TEC.B1,4.556798,50.667136,833,124.055154
BE.TEC.BE.TEC.B1,4.556813,50.667123,834,124.057283
BE.TEC.BE.TEC.B1,4.556824,50.667112,835,124.059009
BE.TEC.BE.TEC.B1,4.556830,50.667096,836,124.060914
BE.TEC.BE.TEC.B1,4.612788,50.666956,837,130.279239
BE.TEC.BE.TEC.B1,4.612836,50.667138,838,130.300069
BE.TEC.BE.TEC.B1,4.612875,50.667281,839,130.316526
BE.TEC.BE.TEC.B1,4.612787,50.666956,840,130.353781
BE.TEC.BE.TEC.B1,4.612711,50.666802,841,130.372924
BE.TEC.BE.TEC.B1,4.612569,50.666453,842,130.414621
BE.TEC.BE.TEC.B1,4.612496,50.666255,843,130.438025
BE.TEC.BE.TEC.B1,4.612464,50.665774,844,130.491408
BE.TEC.BE.TEC.B1,4.612475,50.665706,845,130.499094
BE.TEC.BE.TEC.B1,4.612589,50.665360,846,130.539374
BE.TEC.BE.TEC.B1,4.612775,50.664904,847,130.593961
BE.TEC.BE.TEC.B1,4.612954,50.664671,848,130.626544
BE.TEC.BE.TEC.B1,4.613035,50.664564,849,130.641513
BE.TEC.BE.TEC.B1,4.613244,50.664298,850,130.678914
BE.TEC.BE.TEC.B1,4.613356,50.664136,851,130.700779
BE.TEC.BE.TEC.B1,4.613403,50.664010,852,130.715667
BE.TEC.BE.TEC.B1,4.613529,50.663624,853,130.760670
BE.TEC.BE.TEC.B1,4.613566,50.663496,854,130.775478
BE.TEC.BE.TEC.B1,4.556830,50.667096,855,137.092871
BE.TEC.BE.TEC.B1,4.556822,50.667056,856,137.097392
BE.TEC.BE.TEC.B1,4.556792,50.667026,857,137.102084
BE.TEC.BE.TEC.B1,4.556751,50.667009,858,137.107003
BE.TEC.BE.TEC.B1,4.556704,50.667004,859,137.112278
BE.TEC.BE.TEC.B1,4.612875,50.667281,860,143.354338
BE.TEC.BE.TEC.B1,4.612875,50.667281,861,143.354388
BE.TEC.BE.TEC.B1,4.612875,50.667281,862,143.354438
BE.TEC.BE.TEC.B1,4.612875,50.667281,863,143.354441
BE.TEC.BE.TEC.B1,4.612890,50.667328,864,143.359841
BE.TEC.BE.TEC.B1,4.612908,50.667368,865,143.364707
BE.TEC.BE.TEC.B1,4.612977,50.667510,866,143.382284
BE.TEC.BE.TEC.B1,4.612988,50.667532,867,143.384961
BE.TEC.BE.TEC.B1,4.613007,50.667592,868,143.392001
BE.TEC.BE.TEC.B1,4.613011,50.667653,869,143.398694
BE.TEC.BE.TEC.B1,4.613004,50.667695,870,143.403433
BE.TEC.BE.TEC.B1,4.612988,50.667739,871,143.408658
BE.TEC.BE.TEC.B1,4.612988,50.667739,872,143.408658
BE.TEC.BE.TEC.B1,4.612914,50.667732,873,143.416871
BE.TEC.BE.TEC.B1,4.612834,50.667724,874,143.425870
BE.TEC.BE.TEC.B1,4.612706,50.667723,875,143.440005
BE.TEC.BE.TEC.B1,4.612572,50.667733,876,143.455009
BE.TEC.BE.TEC.B1,4.612396,50.667769,877,143.474973
BE.TEC.BE.TEC.B1,4.612367,50.667778,878,143.478307
BE.TEC.BE.TEC.B1,4.612988,50.667739,879,143.547410
BE.TEC.BE.TEC.B1,4.613079,50.667761,880,143.557850
BE.TEC.BE.TEC.B1,4.613155,50.667787,881,143.566714
BE.TEC.BE.TEC.B1,4.613233,50.667831,882,143.576696
BE.TEC.BE.TEC.B1,4.613253,50.667849,883,143.579752
BE.TEC.BE.TEC.B1,4.613361,50.667947,884,143.595839
BE.TEC.BE.TEC.B1,4.613532,50.668116,885,143.622529
BE.TEC.BE.TEC.B1,4.613856,50.668453,886,143.674409
BE.TEC.BE.TEC.B1,4.614038,50.668662,887,143.705148
BE.TEC.BE.TEC.B1,4.614325,50.668956,888,143.750754
BE.TEC.BE.TEC.B1,4.614483,50.669099,889,143.774349
BE.TEC.BE.TEC.B1,4.614514,50.669211,890,143.787269
BE.TEC.BE.TEC.B1,4.614492,50.669272,891,143.794432
BE.TEC.BE.TEC.B1,4.614438,50.669337,892,143.803791
BE.TEC.BE.TEC.B1,4.614387,50.669374,893,143.810722
BE.TEC.BE.TEC.B1,4.614343,50.669402,894,143.816582
BE.TEC.BE.TEC.B1,4.614333,50.669408,895,143.817848
BE.TEC.BE.TEC.B1,4.614222,50.669477,896,143.832347
BE.TEC.BE.TEC.B1,4.613973,50.669610,897,143.863669
BE.TEC.BE.TEC.B1,4.613906,50.669646,898,143.872139
BE.TEC.BE.TEC.B1,4.613812,50.669696,899,143.884007
BE.TEC.BE.TEC.B1,4.613691,50.669752,900,143.898804
BE.TEC.BE.TEC.B1,4.613605,50.669779,901,143.908814
BE.TEC.BE.TEC.B1,4.613552,50.669793,902,143.914843
BE.TEC.BE.TEC.B1,4.613526,50.669799,903,143.917902
BE.TEC.BE.TEC.B1,4.613476,50.669809,904,143.923508
BE.TEC.BE.TEC.B1,4.613050,50.669781,905,143.970932
BE.TEC.BE.TEC.B1,4.612914,50.669776,906,143.986064
BE.TEC.BE.TEC.B1,4.612625,50.669766,907,144.018254
BE.TEC.BE.TEC.B1,4.612521,50.669771,908,144.029835
BE.TEC.BE.TEC.B1,4.612373,50.669778,909,144.046255
BE.TEC.BE.TEC.B1,4.612232,50.669807,910,144.062227
BE.TEC.BE.TEC.B1,4.612170,50.669831,911,144.069703
BE.TEC.BE.TEC.B1,4.612130,50.669852,912,144.074675
BE.TEC.BE.TEC.B1,4.612083,50.669877,913,144.080568
BE.TEC.BE.TEC.B1,4.612033,50.669912,914,144.087332
BE.TEC.BE.TEC.B1,4.611997,50.669948,915,144.093028
BE.TEC.BE.TEC.B1,4.611977,50.670011,916,144.100345
BE.TEC.BE.TEC.B1,4.612113,50.670222,917,144.128160
BE.TEC.BE.TEC.B1,4.612188,50.670332,918,144.142862
BE.TEC.BE.TEC.B1,4.612239,50.670501,919,144.162460
BE.TEC.BE.TEC.B1,4.612239,50.670577,920,144.170823
BE.TEC.BE.TEC.B1,4.612217,50.670634,921,144.177608
BE.TEC.BE.TEC.B1,4.612160,50.670698,922,144.187147
BE.TEC.BE.TEC.B1,4.612045,50.670756,923,144.201411
BE.TEC.BE.TEC.B1,4.611859,50.670804,924,144.222766
BE.TEC.BE.TEC.B1,4.611790,50.670821,925,144.230691
BE.TEC.BE.TEC.B1,4.611683,50.670839,926,144.242733
BE.TEC.BE.TEC.B1,4.611290,50.670905,927,144.286994
BE.TEC.BE.TEC.B1,4.611226,50.670908,928,144.294147
BE.TEC.BE.TEC.B1,4.611170,50.670904,929,144.300329
BE.TEC.BE.TEC.B1,4.612367,50.667778,930,144.671260
BE.TEC.BE.TEC.B1,4.612306,50.667689,931,144.683240
BE.TEC.BE.TEC.B1,4.612242,50.667491,932,144.706268
BE.TEC.BE.TEC.B1,4.612292,50.667400,933,144.717844
BE.TEC.BE.TEC.B1,4.612418,50.667321,934,144.734237
BE.TEC.BE.TEC.B1,4.612875,50.667281,935,144.785216
BE.TEC.BE.TEC.B1,4.612367,50.667778,936,144.864000
BE.TEC.BE.TEC.B1,4.612323,50.667792,937,144.869186
BE.TEC.BE.TEC.B1,4.612251,50.667820,938,144.877730
BE.TEC.BE.TEC.B1,4.612213,50.667852,939,144.883283
BE.TEC.BE.TEC.B1,4.612175,50.667899,940,144.890005
BE.TEC.BE.TEC.B1,4.612149,50.667985,941,144.899916
BE.TEC.BE.TEC.B1,4.612137,50.668043,942,144.906460
BE.TEC.BE.TEC.B1,4.612137,50.668042,943,144.906498
BE.TEC.BE.TEC.B1,4.612122,50.668115,944,144.914737
BE.TEC.BE.TEC.B1,4.612110,50.668301,945,144.935328
BE.TEC.BE.TEC.B1,4.609041,50.669354,946,145.295792
BE.TEC.BE.TEC.B1,4.608903,50.669258,947,145.314455
BE.TEC.BE.TEC.B1,4.608733,50.669138,948,145.337559
BE.TEC.BE.TEC.B1,4.608430,50.668905,949,145.379989
BE.TEC.BE.TEC.B1,4.608316,50.668824,950,145.395448
BE.TEC.BE.TEC.B1,4.608113,50.668672,951,145.423677
BE.TEC.BE.TEC.B1,4.607957,50.668552,952,145.445512
BE.TEC.BE.TEC.B1,4.607848,50.668472,953,145.460557
BE.TEC.BE.TEC.B1,4.607635,50.668334,954,145.488688
BE.TEC.BE.TEC.B1,4.607531,50.668290,955,145.501251
BE.TEC.BE.TEC.B1,4.607318,50.668209,956,145.526492
BE.TEC.BE.TEC.B1,4.607200,50.668188,957,145.539817
BE.TEC.BE.TEC.B1,4.607148,50.668183,958,145.545708
BE.TEC.BE.TEC.B1,4.606908,50.668156,959,145.572517
BE.TEC.BE.TEC.B1,4.606724,50.668147,960,145.592986
BE.TEC.BE.TEC.B1,4.606446,50.668130,961,145.623950
BE.TEC.BE.TEC.B1,4.606262,50.668112,962,145.644489
BE.TEC.BE.TEC.B1,4.606148,50.668095,963,145.657232
BE.TEC.BE.TEC.B1,4.605988,50.668050,964,145.675752
BE.TEC.BE.TEC.B1,4.605884,50.668014,965,145.687957
BE.TEC.BE.TEC.B1,4.605685,50.667928,966,145.712006
BE.TEC.BE.TEC.B1,4.605127,50.667626,967,145.782435
BE.TEC.BE.TEC.B1,4.604924,50.667519,968,145.807963
BE.TEC.BE.TEC.B1,4.604688,50.667408,969,145.836939
BE.TEC.BE.TEC.B1,4.604310,50.667277,970,145.881363
BE.TEC.BE.TEC.B1,4.604072,50.667196,971,145.909305
BE.TEC.BE.TEC.B1,4.603693,50.667101,972,145.952708
BE.TEC.BE.TEC.B1,4.603580,50.667073,973,145.965669
BE.TEC.BE.TEC.B1,4.603416,50.667033,974,145.984382
BE.TEC.BE.TEC.B1,4.603186,50.666968,975,146.010929
BE.TEC.BE.TEC.B1,4.602955,50.666888,976,146.038131
BE.TEC.BE.TEC.B1,4.602756,50.666804,977,146.062050
BE.TEC.BE.TEC.B1,4.602613,50.666737,978,146.079620
BE.TEC.BE.TEC.B1,4.602440,50.666646,979,146.101387
BE.TEC.BE.TEC.B1,4.602150,50.666477,980,146.138677
BE.TEC.BE.TEC.B1,4.601900,50.666305,981,146.172237
BE.TEC.BE.TEC.B1,4.601044,50.665777,982,146.283933
BE.TEC.BE.TEC.B1,4.600711,50.665634,983,146.324255
BE.TEC.BE.TEC.B1,4.600539,50.665551,984,146.345426
BE.TEC.BE.TEC.B1,4.600340,50.665456,985,146.369885
BE.TEC.BE.TEC.B1,4.600187,50.665393,986,146.388312
BE.TEC.BE.TEC.B1,4.600047,50.665352,987,146.404456
BE.TEC.BE.TEC.B1,4.599944,50.665332,988,146.416187
BE.TEC.BE.TEC.B1,4.599791,50.665310,989,146.433284
BE.TEC.BE.TEC.B1,4.599125,50.665292,990,146.507332
BE.TEC.BE.TEC.B1,4.598908,50.665283,991,146.531443
BE.TEC.BE.TEC.B1,4.598713,50.665264,992,146.553314
BE.TEC.BE.TEC.B1,4.598562,50.665260,993,146.570078
BE.TEC.BE.TEC.B1,4.598354,50.665249,994,146.593183
BE.TEC.BE.TEC.B1,4.598085,50.665219,995,146.623230
BE.TEC.BE.TEC.B1,4.597877,50.665199,996,146.646475
BE.TEC.BE.TEC.B1,4.597687,50.665164,997,146.668002
BE.TEC.BE.TEC.B1,4.597466,50.665120,998,146.692961
BE.TEC.BE.TEC.B1,4.597213,50.665066,999,146.721751
BE.TEC.BE.TEC.B1,4.596981,50.665005,1000,146.748351
BE.TEC.BE.TEC.B1,4.596616,50.664885,1001,146.791084
BE.TEC.BE.TEC.B1,4.595391,50.664470,1002,146.934760
BE.TEC.BE.TEC.B1,4.594375,50.664125,1003,147.053997
BE.TEC.BE.TEC.B1,4.594008,50.664007,1004,147.096802
BE.TEC.BE.TEC.B1,4.593554,50.663906,1005,147.148466
BE.TEC.BE.TEC.B1,4.593525,50.663900,1006,147.151788
BE.TEC.BE.TEC.B1,4.593326,50.663864,1007,147.174230
BE.TEC.BE.TEC.B1,4.593131,50.663842,1008,147.196035
BE.TEC.BE.TEC.B1,4.592925,50.663827,1009,147.218954
BE.TEC.BE.TEC.B1,4.592718,50.663825,1010,147.242013
BE.TEC.BE.TEC.B1,4.592532,50.663831,1011,147.262649
BE.TEC.BE.TEC.B1,4.592309,50.663851,1012,147.287555
BE.TEC.BE.TEC.B1,4.591909,50.663905,1013,147.332369
BE.TEC.BE.TEC.B1,4.591557,50.663992,1014,147.372695
BE.TEC.BE.TEC.B1,4.591308,50.664069,1015,147.401673
BE.TEC.BE.TEC.B1,4.591147,50.664119,1016,147.420387
BE.TEC.BE.TEC.B1,4.590943,50.664215,1017,147.445412
BE.TEC.BE.TEC.B1,4.590641,50.664423,1018,147.486139
BE.TEC.BE.TEC.B1,4.590484,50.664571,1019,147.510023
BE.TEC.BE.TEC.B1,4.590367,50.664700,1020,147.529335
BE.TEC.BE.TEC.B1,4.590275,50.664849,1021,147.548774
BE.TEC.BE.TEC.B1,4.590195,50.664995,1022,147.567249
BE.TEC.BE.TEC.B1,4.590149,50.665118,1023,147.581762
BE.TEC.BE.TEC.B1,4.590086,50.665340,1024,147.607352
BE.TEC.BE.TEC.B1,4.590043,50.665516,1025,147.627445
BE.TEC.BE.TEC.B1,4.590028,50.665578,1026,147.634509
BE.TEC.BE.TEC.B1,4.590008,50.665654,1027,147.643208
BE.TEC.BE.TEC.B1,4.589997,50.665698,1028,147.648198
BE.TEC.BE.TEC.B1,4.589928,50.666048,1029,147.687766
BE.TEC.BE.TEC.B1,4.589885,50.666346,1030,147.721104
BE.TEC.BE.TEC.B1,4.589853,50.666721,1031,147.762774
BE.TEC.BE.TEC.B1,4.589835,50.667068,1032,147.801225
BE.TEC.BE.TEC.B1,4.589814,50.667377,1033,147.835560
BE.TEC.BE.TEC.B1,4.589821,50.667452,1034,147.843940
BE.TEC.BE.TEC.B1,4.589834,50.667588,1035,147.858996
BE.TEC.BE.TEC.B1,4.589926,50.668030,1036,147.909073
BE.TEC.BE.TEC.B1,4.589938,50.668133,1037,147.920582
BE.TEC.BE.TEC.B1,4.590018,50.668846,1038,148.000005
BE.TEC.BE.TEC.B1,4.590005,50.669014,1039,148.018714
BE.TEC.BE.TEC.B1,4.589997,50.669089,1040,148.027087
BE.TEC.BE.TEC.B1,4.589986,50.669201,1041,148.039501
BE.TEC.BE.TEC.B1,4.589956,50.669340,1042,148.055318
BE.TEC.BE.TEC.B1,4.589952,50.669359,1043,148.057426
BE.TEC.BE.TEC.B1,4.589889,50.669520,1044,148.076543
BE.TEC.BE.TEC.B1,4.589818,50.669639,1045,148.091938
BE.TEC.BE.TEC.B1,4.589736,50.669756,1046,148.107758
BE.TEC.BE.TEC.B1,4.589623,50.669908,1047,148.128782
BE.TEC.BE.TEC.B1,4.589505,50.670025,1048,148.147218
BE.TEC.BE.TEC.B1,4.589234,50.670274,1049,148.188049
BE.TEC.BE.TEC.B1,4.589037,50.670417,1050,148.215046
BE.TEC.BE.TEC.B1,4.588955,50.670470,1051,148.225909
BE.TEC.BE.TEC.B1,4.588746,50.670593,1052,148.252826
BE.TEC.BE.TEC.B1,4.588467,50.670715,1053,148.286648
BE.TEC.BE.TEC.B1,4.588215,50.670803,1054,148.316244
BE.TEC.BE.TEC.B1,4.587913,50.670878,1055,148.350822
BE.TEC.BE.TEC.B1,4.587597,50.670949,1056,148.386817
BE.TEC.BE.TEC.B1,4.587198,50.671022,1057,148.431911
BE.TEC.BE.TEC.B1,4.587089,50.671039,1058,148.444138
BE.TEC.BE.TEC.B1,4.586068,50.671205,1059,148.559052
BE.TEC.BE.TEC.B1,4.585598,50.671271,1060,148.611796
BE.TEC.BE.TEC.B1,4.585199,50.671337,1061,148.656799
BE.TEC.BE.TEC.B1,4.584803,50.671426,1062,148.701882
BE.TEC.BE.TEC.B1,4.584486,50.671503,1063,148.738072
BE.TEC.BE.TEC.B1,4.584285,50.671561,1064,148.761352
BE.TEC.BE.TEC.B1,4.583922,50.671693,1065,148.804245
BE.TEC.BE.TEC.B1,4.583707,50.671795,1066,148.830690
BE.TEC.BE.TEC.B1,4.583492,50.671906,1067,148.857579
BE.TEC.BE.TEC.B1,4.583357,50.672007,1068,148.876322
BE.TEC.BE.TEC.B1,4.583206,50.672133,1069,148.898128
BE.TEC.BE.TEC.B1,4.583042,50.672295,1070,148.923719
BE.TEC.BE.TEC.B1,4.582793,50.672603,1071,148.967624
BE.TEC.BE.TEC.B1,4.582679,50.672764,1072,148.989450
BE.TEC.BE.TEC.B1,4.582591,50.672922,1073,149.009558
BE.TEC.BE.TEC.B1,4.582532,50.673039,1074,149.024023
BE.TEC.BE.TEC.B1,4.582467,50.673192,1075,149.042430
BE.TEC.BE.TEC.B1,4.582212,50.673872,1076,149.122939
BE.TEC.BE.TEC.B1,4.582085,50.674175,1077,149.159317
BE.TEC.BE.TEC.B1,4.581984,50.674466,1078,149.193492
BE.TEC.BE.TEC.B1,4.581980,50.674475,1079,149.194584
BE.TEC.BE.TEC.B1,4.581887,50.674698,1080,149.221352
BE.TEC.BE.TEC.B1,4.581797,50.674856,1081,149.241517
BE.TEC.BE.TEC.B1,4.581695,50.675019,1082,149.262880
BE.TEC.BE.TEC.B1,4.581664,50.675054,1083,149.268026
BE.TEC.BE.TEC.B1,4.581566,50.675163,1084,149.284304
BE.TEC.BE.TEC.B1,4.581452,50.675298,1085,149.303876
BE.TEC.BE.TEC.B1,4.581417,50.675341,1086,149.310041
BE.TEC.BE.TEC.B1,4.581277,50.675516,1087,149.334876
BE.TEC.BE.TEC.B1,4.581199,50.675606,1088,149.348087
BE.TEC.BE.TEC.B1,4.581055,50.675757,1089,149.371214
BE.TEC.BE.TEC.B1,4.580887,50.675950,1090,149.399648
BE.TEC.BE.TEC.B1,4.580700,50.676154,1091,149.430255
BE.TEC.BE.TEC.B1,4.580410,50.676444,1092,149.475835
BE.TEC.BE.TEC.B1,4.580127,50.676719,1093,149.519626
BE.TEC.BE.TEC.B1,4.579691,50.677125,1094,149.585747
BE.TEC.BE.TEC.B1,4.579562,50.677249,1095,149.605506
BE.TEC.BE.TEC.B1,4.579397,50.677408,1096,149.630978
BE.TEC.BE.TEC.B1,4.578971,50.677808,1097,149.695794
BE.TEC.BE.TEC.B1,4.578881,50.677904,1098,149.710424
BE.TEC.BE.TEC.B1,4.578836,50.677950,1099,149.717587
BE.TEC.BE.TEC.B1,4.611170,50.670904,1100,153.394555
BE.TEC.BE.TEC.B1,4.611102,50.670888,1101,153.402283
BE.TEC.BE.TEC.B1,4.611050,50.670863,1102,153.408771
BE.TEC.BE.TEC.B1,4.611007,50.670837,1103,153.414297
BE.TEC.BE.TEC.B1,4.610924,50.670786,1104,153.425145
BE.TEC.BE.TEC.B1,4.610424,50.670425,1105,153.493599
BE.TEC.BE.TEC.B1,4.610196,50.670260,1106,153.524897
BE.TEC.BE.TEC.B1,4.609858,50.670015,1107,153.571163
BE.TEC.BE.TEC.B1,4.609779,50.669956,1108,153.582116
BE.TEC.BE.TEC.B1,4.609133,50.669426,1109,153.674811
BE.TEC.BE.TEC.B1,4.609074,50.669377,1110,153.683390
BE.TEC.BE.TEC.B1,4.609041,50.669354,1111,153.687837
BE.TEC.BE.TEC.B1,4.569345,50.671220,1112,158.103919
BE.TEC.BE.TEC.B1,4.569404,50.671187,1113,158.111442
BE.TEC.BE.TEC.B1,4.569479,50.671172,1114,158.119906
BE.TEC.BE.TEC.B1,4.569561,50.671168,1115,158.129068
BE.TEC.BE.TEC.B1,4.569637,50.671186,1116,158.137785
BE.TEC.BE.TEC.B1,4.569678,50.671204,1117,158.142756
BE.TEC.BE.TEC.B1,4.569707,50.671225,1118,158.146767
BE.TEC.BE.TEC.B1,4.569731,50.671243,1119,158.150028
BE.TEC.BE.TEC.B1,4.569752,50.671269,1120,158.153715
BE.TEC.BE.TEC.B1,4.569757,50.671309,1121,158.158205
BE.TEC.BE.TEC.B1,4.569734,50.671367,1122,158.165132
BE.TEC.BE.TEC.B1,4.569734,50.671367,1123,158.165132
BE.TEC.BE.TEC.B1,4.570038,50.671393,1124,158.199056
BE.TEC.BE.TEC.B1,4.570250,50.671411,1125,158.222697
BE.TEC.BE.TEC.B1,4.570364,50.671417,1126,158.235411
BE.TEC.BE.TEC.B1,4.570504,50.671457,1127,158.251564
BE.TEC.BE.TEC.B1,4.570512,50.671460,1128,158.252461
BE.TEC.BE.TEC.B1,4.570567,50.671481,1129,158.259038
BE.TEC.BE.TEC.B1,4.570671,50.671522,1130,158.271495
BE.TEC.BE.TEC.B1,4.570788,50.671570,1131,158.285529
BE.TEC.BE.TEC.B1,4.570875,50.671605,1132,158.295931
BE.TEC.BE.TEC.B1,4.571050,50.671707,1133,158.318400
BE.TEC.BE.TEC.B1,4.571195,50.671802,1134,158.337679
BE.TEC.BE.TEC.B1,4.572519,50.672668,1135,158.513287
BE.TEC.BE.TEC.B1,4.572910,50.672930,1136,158.565486
BE.TEC.BE.TEC.B1,4.573777,50.673511,1137,158.681426
BE.TEC.BE.TEC.B1,4.574035,50.673682,1138,158.715807
BE.TEC.BE.TEC.B1,4.574375,50.673903,1139,158.760762
BE.TEC.BE.TEC.B1,4.574469,50.673960,1140,158.772979
BE.TEC.BE.TEC.B1,4.569734,50.671367,1141,159.372453
BE.TEC.BE.TEC.B1,4.569696,50.671400,1142,159.378010
BE.TEC.BE.TEC.B1,4.569608,50.671444,1143,159.389015
BE.TEC.BE.TEC.B1,4.569517,50.671448,1144,159.399082
BE.TEC.BE.TEC.B1,4.569476,50.671445,1145,159.403682
BE.TEC.BE.TEC.B1,4.569439,50.671441,1146,159.407758
BE.TEC.BE.TEC.B1,4.569404,50.671431,1147,159.411802
BE.TEC.BE.TEC.B1,4.569404,50.671431,1148,159.411802
BE.TEC.BE.TEC.B1,4.569337,50.671382,1149,159.421018
BE.TEC.BE.TEC.B1,4.569305,50.671344,1150,159.426558
BE.TEC.BE.TEC.B1,4.569300,50.671301,1151,159.431315
BE.TEC.BE.TEC.B1,4.569314,50.671258,1152,159.436333
BE.TEC.BE.TEC.B1,4.569345,50.671220,1153,159.441748
BE.TEC.BE.TEC.B1,4.824342,50.671332,1154,187.778372
BE.TEC.BE.TEC.B1,4.824377,50.671326,1155,187.782341
BE.TEC.BE.TEC.B1,4.824423,50.671323,1156,187.787464
BE.TEC.BE.TEC.B1,4.824475,50.671322,1157,187.793198
BE.TEC.BE.TEC.B1,4.824514,50.671322,1158,187.797488
BE.TEC.BE.TEC.B1,4.824543,50.671322,1159,187.800711
BE.TEC.BE.TEC.B1,4.824576,50.671328,1160,187.804459
BE.TEC.BE.TEC.B1,4.824628,50.671350,1161,187.810771
BE.TEC.BE.TEC.B1,4.824657,50.671362,1162,187.814258
BE.TEC.BE.TEC.B1,4.824675,50.671379,1163,187.816990
BE.TEC.BE.TEC.B1,4.824690,50.671396,1164,187.819455
BE.TEC.BE.TEC.B1,4.824701,50.671410,1165,187.821443
BE.TEC.BE.TEC.B1,4.824712,50.671433,1166,187.824317
BE.TEC.BE.TEC.B1,4.824716,50.671466,1167,187.827993
BE.TEC.BE.TEC.B1,4.824711,50.671489,1168,187.830577
BE.TEC.BE.TEC.B1,4.824695,50.671512,1169,187.833637
BE.TEC.BE.TEC.B1,4.824673,50.671533,1170,187.837018
BE.TEC.BE.TEC.B1,4.824650,50.671549,1171,187.840186
BE.TEC.BE.TEC.B1,4.824617,50.671565,1172,187.844254
BE.TEC.BE.TEC.B1,4.824587,50.671574,1173,187.847750
BE.TEC.BE.TEC.B1,4.569538,50.672197,1174,216.190088
BE.TEC.BE.TEC.B1,4.569353,50.671757,1175,216.243034
BE.TEC.BE.TEC.B1,4.569360,50.671608,1176,216.259513
BE.TEC.BE.TEC.B1,4.569404,50.671431,1177,216.279787
BE.TEC.BE.TEC.B1,4.569538,50.672197,1178,216.365978
BE.TEC.BE.TEC.B1,4.569425,50.672215,1179,216.378707
BE.TEC.BE.TEC.B1,4.569322,50.672237,1180,216.390457
BE.TEC.BE.TEC.B1,4.569260,50.672270,1181,216.398183
BE.TEC.BE.TEC.B1,4.569176,50.672372,1182,216.412874
BE.TEC.BE.TEC.B1,4.568895,50.672717,1183,216.462262
BE.TEC.BE.TEC.B1,4.568829,50.672831,1184,216.476838
BE.TEC.BE.TEC.B1,4.568806,50.672897,1185,216.484593
BE.TEC.BE.TEC.B1,4.568812,50.672918,1186,216.487094
BE.TEC.BE.TEC.B1,4.568834,50.672939,1187,216.490433
BE.TEC.BE.TEC.B1,4.568886,50.672966,1188,216.496934
BE.TEC.BE.TEC.B1,4.568943,50.672980,1189,216.503437
BE.TEC.BE.TEC.B1,4.568977,50.672980,1190,216.507261
BE.TEC.BE.TEC.B1,4.569009,50.672968,1191,216.510982
BE.TEC.BE.TEC.B1,4.569070,50.672929,1192,216.519039
BE.TEC.BE.TEC.B1,4.569211,50.672779,1193,216.541878
BE.TEC.BE.TEC.B1,4.569394,50.672560,1194,216.573534
BE.TEC.BE.TEC.B1,4.569478,50.672470,1195,216.587229
BE.TEC.BE.TEC.B1,4.569549,50.672416,1196,216.597093
BE.TEC.BE.TEC.B1,4.569619,50.672398,1197,216.605201
BE.TEC.BE.TEC.B1,4.569538,50.672197,1198,216.629190
BE.TEC.BE.TEC.B1,4.824587,50.671574,1199,244.971529
BE.TEC.BE.TEC.B1,4.824554,50.671583,1200,244.975269
BE.TEC.BE.TEC.B1,4.824513,50.671589,1201,244.979917
BE.TEC.BE.TEC.B1,4.824468,50.671592,1202,244.984847
BE.TEC.BE.TEC.B1,4.824425,50.671590,1203,244.989662
BE.TEC.BE.TEC.B1,4.824372,50.671581,1204,244.995618
BE.TEC.BE.TEC.B1,4.824333,50.671569,1205,245.000202
BE.TEC.BE.TEC.B1,4.824302,50.671555,1206,245.003935
BE.TEC.BE.TEC.B1,4.824274,50.671538,1207,245.007667
BE.TEC.BE.TEC.B1,4.824247,50.671515,1208,245.011539
BE.TEC.BE.TEC.B1,4.824229,50.671494,1209,245.014627
BE.TEC.BE.TEC.B1,4.824218,50.671475,1210,245.017056
BE.TEC.BE.TEC.B1,4.824212,50.671449,1211,245.020006
BE.TEC.BE.TEC.B1,4.824218,50.671423,1212,245.022954
BE.TEC.BE.TEC.B1,4.824229,50.671399,1213,245.025928
BE.TEC.BE.TEC.B1,4.824249,50.671376,1214,245.029250
BE.TEC.BE.TEC.B1,4.824279,50.671356,1215,245.033301
BE.TEC.BE.TEC.B1,4.824308,50.671343,1216,245.036839
BE.TEC.BE.TEC.B1,4.824342,50.671332,1217,245.040788
BE.TEC.BE.TEC.B1,4.824587,50.671574,1218,245.078918
BE.TEC.BE.TEC.B1,4.824672,50.671688,1219,245.094728
BE.TEC.BE.TEC.B1,4.824747,50.671791,1220,245.108827
BE.TEC.BE.TEC.B1,4.825647,50.672855,1221,245.263380
BE.TEC.BE.TEC.B1,4.826814,50.674235,1222,245.463784
BE.TEC.BE.TEC.B1,4.830700,50.678819,1223,246.130272
BE.TEC.BE.TEC.B1,4.830873,50.679022,1224,246.159820
BE.TEC.BE.TEC.B1,4.831190,50.679395,1225,246.214117
BE.TEC.BE.TEC.B1,4.831349,50.679582,1226,246.241265
BE.TEC.BE.TEC.B1,4.831508,50.679768,1227,246.268421
BE.TEC.BE.TEC.B1,4.832143,50.680514,1228,246.377021
BE.TEC.BE.TEC.B1,4.833407,50.681995,1229,246.593016
BE.TEC.BE.TEC.B1,4.834911,50.683759,1230,246.850135
BE.TEC.BE.TEC.B1,4.835156,50.684048,1231,246.892105
BE.TEC.BE.TEC.B1,4.837817,50.687156,1232,247.345872
BE.TEC.BE.TEC.B1,4.838362,50.687792,1233,247.438718
BE.TEC.BE.TEC.B1,4.838411,50.687849,1234,247.447081
BE.TEC.BE.TEC.B1,4.838998,50.688538,1235,247.547430
BE.TEC.BE.TEC.B1,4.839586,50.689226,1236,247.647788
BE.TEC.BE.TEC.B1,4.840596,50.690413,1237,247.820627
BE.TEC.BE.TEC.B1,4.840883,50.690750,1238,247.869755
BE.TEC.BE.TEC.B1,4.841341,50.691288,1239,247.948109
BE.TEC.BE.TEC.B1,4.841753,50.691772,1240,248.018541
BE.TEC.BE.TEC.B1,4.841967,50.692024,1241,248.055263
BE.TEC.BE.TEC.B1,4.842073,50.692156,1242,248.073971
BE.TEC.BE.TEC.B1,4.842119,50.692202,1243,248.081266
BE.TEC.BE.TEC.B1,4.842155,50.692244,1244,248.087281
BE.TEC.BE.TEC.B1,4.842522,50.692674,1245,248.149996
BE.TEC.BE.TEC.B1,4.843061,50.693305,1246,248.242012
BE.TEC.BE.TEC.B1,4.843415,50.693713,1247,248.301987
BE.TEC.BE.TEC.B1,4.843769,50.694122,1248,248.361961
BE.TEC.BE.TEC.B1,4.843899,50.694268,1249,248.383682
BE.TEC.BE.TEC.B1,4.845742,50.696442,1250,248.699702
BE.TEC.BE.TEC.B1,4.846220,50.697001,1251,248.781275
BE.TEC.BE.TEC.B1,4.847718,50.698755,1252,249.037065
BE.TEC.BE.TEC.B1,4.847901,50.698981,1253,249.069278
BE.TEC.BE.TEC.B1,4.848041,50.699181,1254,249.096374
BE.TEC.BE.TEC.B1,4.848118,50.699311,1255,249.113140
BE.TEC.BE.TEC.B1,4.848249,50.699672,1256,249.155659
BE.TEC.BE.TEC.B1,4.848495,50.700265,1257,249.226735
BE.TEC.BE.TEC.B1,4.848646,50.700631,1258,249.270611
BE.TEC.BE.TEC.B1,4.848709,50.700782,1259,249.288774
BE.TEC.BE.TEC.B1,4.848791,50.701003,1260,249.314857
BE.TEC.BE.TEC.B1,4.849622,50.703231,1261,249.578298
BE.TEC.BE.TEC.B1,4.849663,50.703329,1262,249.590005
BE.TEC.BE.TEC.B1,4.849960,50.704037,1263,249.675095
BE.TEC.BE.TEC.B1,4.850009,50.704126,1264,249.686336
BE.TEC.BE.TEC.B1,4.850174,50.704432,1265,249.724869
BE.TEC.BE.TEC.B1,4.850299,50.704609,1266,249.748953
BE.TEC.BE.TEC.B1,4.850435,50.704787,1267,249.773746
BE.TEC.BE.TEC.B1,4.850628,50.705006,1268,249.806154
BE.TEC.BE.TEC.B1,4.850796,50.705209,1269,249.835387
BE.TEC.BE.TEC.B1,4.850935,50.705357,1270,249.857899
BE.TEC.BE.TEC.B1,4.851045,50.705450,1271,249.873843
BE.TEC.BE.TEC.B1,4.851426,50.705755,1272,249.928027
BE.TEC.BE.TEC.B1,4.851747,50.706014,1273,249.973798
BE.TEC.BE.TEC.B1,4.852329,50.706484,1274,250.056785
BE.TEC.BE.TEC.B1,4.852571,50.706681,1275,250.091436
BE.TEC.BE.TEC.B1,4.853084,50.707098,1276,250.164745
BE.TEC.BE.TEC.B1,4.854994,50.708603,1277,250.434650
BE.TEC.BE.TEC.B1,4.855730,50.709169,1278,250.537713
BE.TEC.BE.TEC.B1,4.856346,50.709666,1279,250.625435
BE.TEC.BE.TEC.B1,4.856406,50.709714,1280,250.634043
BE.TEC.BE.TEC.B1,4.856468,50.709764,1281,250.642875
BE.TEC.BE.TEC.B1,4.857216,50.710355,1282,250.748624
BE.TEC.BE.TEC.B1,4.857813,50.710828,1283,250.833146
BE.TEC.BE.TEC.B1,4.859587,50.712232,1284,251.084223
BE.TEC.BE.TEC.B1,4.860644,50.713071,1285,251.234040
BE.TEC.BE.TEC.B1,4.861631,50.713857,1286,251.374006
BE.TEC.BE.TEC.B1,4.863150,50.715065,1287,251.589403
BE.TEC.BE.TEC.B1,4.865228,50.716697,1288,251.882584
BE.TEC.BE.TEC.B1,4.865471,50.716887,1289,251.916847
BE.TEC.BE.TEC.B1,4.866727,50.717873,1290,252.094042
BE.TEC.BE.TEC.B1,4.867259,50.718302,1291,252.169893
BE.TEC.BE.TEC.B1,4.867300,50.718338,1292,252.175928
BE.TEC.BE.TEC.B1,4.867391,50.718411,1293,252.188890
BE.TEC.BE.TEC.B1,4.867656,50.718626,1294,252.226741
BE.TEC.BE.TEC.B1,4.867944,50.718893,1295,252.270282
BE.TEC.BE.TEC.B1,4.868189,50.719127,1296,252.307879
BE.TEC.BE.TEC.B1,4.868361,50.719319,1297,252.336410
BE.TEC.BE.TEC.B1,4.868496,50.719499,1298,252.361405
BE.TEC.BE.TEC.B1,4.868545,50.719574,1299,252.371376
BE.TEC.BE.TEC.B1,4.868610,50.719677,1300,252.384840
BE.TEC.BE.TEC.B1,4.868685,50.719830,1301,252.403666
BE.TEC.BE.TEC.B1,4.868769,50.719966,1302,252.421503
BE.TEC.BE.TEC.B1,4.869029,50.720464,1303,252.483760
BE.TEC.BE.TEC.B1,4.869095,50.720599,1304,252.500351
BE.TEC.BE.TEC.B1,4.869865,50.722073,1305,252.684594
BE.TEC.BE.TEC.B1,4.870394,50.723114,1306,252.813978
BE.TEC.BE.TEC.B1,4.871700,50.722585,1307,252.970523
BE.TEC.BE.TEC.B1,4.872207,50.722376,1308,253.031453
BE.TEC.BE.TEC.B1,4.874508,50.721456,1309,253.306667
BE.TEC.BE.TEC.B1,4.874933,50.721285,1310,253.357547
BE.TEC.BE.TEC.B1,4.574469,50.673960,1311,287.155545
BE.TEC.BE.TEC.B1,4.574550,50.673917,1312,287.165759
BE.TEC.BE.TEC.B1,4.574652,50.673904,1313,287.177164
BE.TEC.BE.TEC.B1,4.574793,50.673904,1314,287.192899
BE.TEC.BE.TEC.B1,4.574917,50.673951,1315,287.207529
BE.TEC.BE.TEC.B1,4.575012,50.674028,1316,287.221170
BE.TEC.BE.TEC.B1,4.575040,50.674110,1317,287.230744
BE.TEC.BE.TEC.B1,4.575020,50.674196,1318,287.240558
BE.TEC.BE.TEC.B1,4.574938,50.674267,1319,287.252555
BE.TEC.BE.TEC.B1,4.574876,50.674299,1320,287.260279
BE.TEC.BE.TEC.B1,4.575032,50.674543,1321,287.292357
BE.TEC.BE.TEC.B1,4.575564,50.675231,1322,287.388804
BE.TEC.BE.TEC.B1,4.575782,50.675489,1323,287.426209
BE.TEC.BE.TEC.B1,4.576124,50.675986,1324,287.493100
BE.TEC.BE.TEC.B1,4.576380,50.676321,1325,287.539891
BE.TEC.BE.TEC.B1,4.576560,50.676512,1326,287.569055
BE.TEC.BE.TEC.B1,4.576621,50.676598,1327,287.580720
BE.TEC.BE.TEC.B1,4.576674,50.676586,1328,287.586718
BE.TEC.BE.TEC.B1,4.576728,50.676579,1329,287.592733
BE.TEC.BE.TEC.B1,4.576767,50.676581,1330,287.597097
BE.TEC.BE.TEC.B1,4.576823,50.676589,1331,287.603359
BE.TEC.BE.TEC.B1,4.576897,50.676625,1332,287.612518
BE.TEC.BE.TEC.B1,4.576922,50.676662,1333,287.617443
BE.TEC.BE.TEC.B1,4.576936,50.676703,1334,287.622244
BE.TEC.BE.TEC.B1,4.576927,50.676753,1335,287.627904
BE.TEC.BE.TEC.B1,4.576896,50.676793,1336,287.633504
BE.TEC.BE.TEC.B1,4.577105,50.676944,1337,287.662143
BE.TEC.BE.TEC.B1,4.577261,50.676956,1338,287.679543
BE.TEC.BE.TEC.B1,4.577634,50.677181,1339,287.727943
BE.TEC.BE.TEC.B1,4.577807,50.677266,1340,287.749285
BE.TEC.BE.TEC.B1,4.577922,50.677317,1341,287.763311
BE.TEC.BE.TEC.B1,4.578090,50.677382,1342,287.783262
BE.TEC.BE.TEC.B1,4.578193,50.677420,1343,287.795471
BE.TEC.BE.TEC.B1,4.578303,50.677449,1344,287.808179
BE.TEC.BE.TEC.B1,4.578395,50.677463,1345,287.818459
BE.TEC.BE.TEC.B1,4.578512,50.677467,1346,287.831479
BE.TEC.BE.TEC.B1,4.578606,50.677461,1347,287.841993
BE.TEC.BE.TEC.B1,4.578684,50.677450,1348,287.850738
BE.TEC.BE.TEC.B1,4.578730,50.677442,1349,287.855877
BE.TEC.BE.TEC.B1,4.578785,50.677429,1350,287.862176
BE.TEC.BE.TEC.B1,4.578857,50.677411,1351,287.870387
BE.TEC.BE.TEC.B1,4.578983,50.677359,1352,287.885599
BE.TEC.BE.TEC.B1,4.579170,50.677243,1353,287.909976
BE.TEC.BE.TEC.B1,4.579368,50.677110,1354,287.936425
BE.TEC.BE.TEC.B1,4.579618,50.676881,1355,287.974038
BE.TEC.BE.TEC.B1,4.580064,50.676440,1356,288.043611
BE.TEC.BE.TEC.B1,4.580725,50.675762,1357,288.148725
BE.TEC.BE.TEC.B1,4.580886,50.675578,1358,288.175838
BE.TEC.BE.TEC.B1,4.581190,50.675200,1359,288.229615
BE.TEC.BE.TEC.B1,4.581205,50.675181,1360,288.232260
BE.TEC.BE.TEC.B1,4.581310,50.675054,1361,288.250576
BE.TEC.BE.TEC.B1,4.581363,50.674984,1362,288.260375
BE.TEC.BE.TEC.B1,4.581426,50.674901,1363,288.271866
BE.TEC.BE.TEC.B1,4.581504,50.674766,1364,288.289193
BE.TEC.BE.TEC.B1,4.581645,50.674486,1365,288.323952
BE.TEC.BE.TEC.B1,4.581674,50.674413,1366,288.332603
BE.TEC.BE.TEC.B1,4.581822,50.674039,1367,288.377230
BE.TEC.BE.TEC.B1,4.582105,50.673325,1368,288.462281
BE.TEC.BE.TEC.B1,4.582235,50.673025,1369,288.498577
BE.TEC.BE.TEC.B1,4.582337,50.672825,1370,288.523452
BE.TEC.BE.TEC.B1,4.582475,50.672616,1371,288.551154
BE.TEC.BE.TEC.B1,4.582571,50.672483,1372,288.569443
BE.TEC.BE.TEC.B1,4.582767,50.672246,1373,288.603504
BE.TEC.BE.TEC.B1,4.582784,50.672208,1374,288.608133
BE.TEC.BE.TEC.B1,4.583018,50.671977,1375,288.644560
BE.TEC.BE.TEC.B1,4.583267,50.671802,1376,288.678416
BE.TEC.BE.TEC.B1,4.583421,50.671702,1377,288.698744
BE.TEC.BE.TEC.B1,4.583593,50.671622,1378,288.719874
BE.TEC.BE.TEC.B1,4.583787,50.671534,1379,288.743513
BE.TEC.BE.TEC.B1,4.583977,50.671462,1380,288.766117
BE.TEC.BE.TEC.B1,4.584247,50.671371,1381,288.797702
BE.TEC.BE.TEC.B1,4.584686,50.671262,1382,288.847962
BE.TEC.BE.TEC.B1,4.585322,50.671126,1383,288.920261
BE.TEC.BE.TEC.B1,4.586823,50.670908,1384,289.088777
BE.TEC.BE.TEC.B1,4.587035,50.670867,1385,289.112744
BE.TEC.BE.TEC.B1,4.587606,50.670757,1386,289.177392
BE.TEC.BE.TEC.B1,4.587774,50.670716,1387,289.196618
BE.TEC.BE.TEC.B1,4.587983,50.670660,1388,289.220614
BE.TEC.BE.TEC.B1,4.588180,50.670595,1389,289.243723
BE.TEC.BE.TEC.B1,4.588353,50.670525,1390,289.264374
BE.TEC.BE.TEC.B1,4.588478,50.670465,1391,289.279837
BE.TEC.BE.TEC.B1,4.588636,50.670384,1392,289.299525
BE.TEC.BE.TEC.B1,4.588790,50.670303,1393,289.318852
BE.TEC.BE.TEC.B1,4.588937,50.670202,1394,289.338655
BE.TEC.BE.TEC.B1,4.589062,50.670105,1395,289.356213
BE.TEC.BE.TEC.B1,4.589198,50.669990,1396,289.375960
BE.TEC.BE.TEC.B1,4.589312,50.669875,1397,289.393941
BE.TEC.BE.TEC.B1,4.589442,50.669724,1398,289.416036
BE.TEC.BE.TEC.B1,4.589550,50.669552,1399,289.438563
BE.TEC.BE.TEC.B1,4.589607,50.669431,1400,289.453386
BE.TEC.BE.TEC.B1,4.589633,50.669326,1401,289.465383
BE.TEC.BE.TEC.B1,4.589676,50.669150,1402,289.485477
BE.TEC.BE.TEC.B1,4.589687,50.669110,1403,289.490043
BE.TEC.BE.TEC.B1,4.589692,50.668995,1404,289.502817
BE.TEC.BE.TEC.B1,4.589637,50.668282,1405,289.581976
BE.TEC.BE.TEC.B1,4.589624,50.668138,1406,289.598015
BE.TEC.BE.TEC.B1,4.589600,50.667960,1407,289.617874
BE.TEC.BE.TEC.B1,4.589567,50.667848,1408,289.630833
BE.TEC.BE.TEC.B1,4.589509,50.667184,1409,289.704732
BE.TEC.BE.TEC.B1,4.589514,50.667049,1410,289.719710
BE.TEC.BE.TEC.B1,4.589563,50.666476,1411,289.783324
BE.TEC.BE.TEC.B1,4.589578,50.666291,1412,289.803980
BE.TEC.BE.TEC.B1,4.589645,50.665862,1413,289.852019
BE.TEC.BE.TEC.B1,4.589710,50.665521,1414,289.890522
BE.TEC.BE.TEC.B1,4.589715,50.665503,1415,289.892589
BE.TEC.BE.TEC.B1,4.589727,50.665458,1416,289.897704
BE.TEC.BE.TEC.B1,4.589744,50.665400,1417,289.904415
BE.TEC.BE.TEC.B1,4.589859,50.665002,1418,289.950266
BE.TEC.BE.TEC.B1,4.589958,50.664804,1419,289.974892
BE.TEC.BE.TEC.B1,4.590035,50.664676,1420,289.991405
BE.TEC.BE.TEC.B1,4.590099,50.664589,1421,290.003396
BE.TEC.BE.TEC.B1,4.590193,50.664488,1422,290.018757
BE.TEC.BE.TEC.B1,4.590390,50.664285,1423,290.050117
BE.TEC.BE.TEC.B1,4.590603,50.664143,1424,290.078492
BE.TEC.BE.TEC.B1,4.590732,50.664069,1425,290.095004
BE.TEC.BE.TEC.B1,4.590983,50.663958,1426,290.125501
BE.TEC.BE.TEC.B1,4.591052,50.663933,1427,290.133666
BE.TEC.BE.TEC.B1,4.591249,50.663862,1428,290.156874
BE.TEC.BE.TEC.B1,4.591525,50.663786,1429,290.188777
BE.TEC.BE.TEC.B1,4.591792,50.663729,1430,290.219009
BE.TEC.BE.TEC.B1,4.592062,50.663687,1431,290.249390
BE.TEC.BE.TEC.B1,4.592415,50.663651,1432,290.288820
BE.TEC.BE.TEC.B1,4.592728,50.663640,1433,290.323632
BE.TEC.BE.TEC.B1,4.592934,50.663642,1434,290.346535
BE.TEC.BE.TEC.B1,4.593018,50.663648,1435,290.355919
BE.TEC.BE.TEC.B1,4.593266,50.663667,1436,290.383550
BE.TEC.BE.TEC.B1,4.593631,50.663730,1437,290.424683
BE.TEC.BE.TEC.B1,4.593877,50.663777,1438,290.452487
BE.TEC.BE.TEC.B1,4.594021,50.663817,1439,290.469171
BE.TEC.BE.TEC.B1,4.594108,50.663842,1440,290.479223
BE.TEC.BE.TEC.B1,4.594343,50.663912,1441,290.506472
BE.TEC.BE.TEC.B1,4.594618,50.663997,1442,290.538479
BE.TEC.BE.TEC.B1,4.595024,50.664137,1443,290.586134
BE.TEC.BE.TEC.B1,4.595570,50.664309,1444,290.649762
BE.TEC.BE.TEC.B1,4.596700,50.664706,1445,290.782807
BE.TEC.BE.TEC.B1,4.597112,50.664854,1446,290.831451
BE.TEC.BE.TEC.B1,4.597514,50.664983,1447,290.878279
BE.TEC.BE.TEC.B1,4.597836,50.665055,1448,290.914990
BE.TEC.BE.TEC.B1,4.598042,50.665093,1449,290.938275
BE.TEC.BE.TEC.B1,4.598288,50.665129,1450,290.965826
BE.TEC.BE.TEC.B1,4.598523,50.665143,1451,290.992078
BE.TEC.BE.TEC.B1,4.598745,50.665146,1452,291.016705
BE.TEC.BE.TEC.B1,4.598909,50.665135,1453,291.034917
BE.TEC.BE.TEC.B1,4.599097,50.665120,1454,291.055924
BE.TEC.BE.TEC.B1,4.599298,50.665098,1455,291.078397
BE.TEC.BE.TEC.B1,4.599461,50.665070,1456,291.096823
BE.TEC.BE.TEC.B1,4.599587,50.665047,1457,291.110997
BE.TEC.BE.TEC.B1,4.599675,50.665031,1458,291.120926
BE.TEC.BE.TEC.B1,4.599810,50.665000,1459,291.136332
BE.TEC.BE.TEC.B1,4.599942,50.664961,1460,291.151598
BE.TEC.BE.TEC.B1,4.574469,50.673960,1461,294.152680
BE.TEC.BE.TEC.B1,4.574395,50.674008,1462,294.162435
BE.TEC.BE.TEC.B1,4.574368,50.674077,1463,294.170632
BE.TEC.BE.TEC.B1,4.574369,50.674167,1464,294.180623
BE.TEC.BE.TEC.B1,4.574410,50.674225,1465,294.188485
BE.TEC.BE.TEC.B1,4.574462,50.674268,1466,294.195961
BE.TEC.BE.TEC.B1,4.574532,50.674304,1467,294.204704
BE.TEC.BE.TEC.B1,4.574626,50.674331,1468,294.215645
BE.TEC.BE.TEC.B1,4.574755,50.674330,1469,294.229980
BE.TEC.BE.TEC.B1,4.574824,50.674447,1470,294.245014
BE.TEC.BE.TEC.B1,4.574881,50.674537,1471,294.256807
BE.TEC.BE.TEC.B1,4.574938,50.674627,1472,294.268609
BE.TEC.BE.TEC.B1,4.575024,50.674735,1473,294.283855
BE.TEC.BE.TEC.B1,4.575223,50.674974,1474,294.318391
BE.TEC.BE.TEC.B1,4.575564,50.675405,1475,294.379385
BE.TEC.BE.TEC.B1,4.575982,50.675974,1476,294.457628
BE.TEC.BE.TEC.B1,4.576248,50.676305,1477,294.504754
BE.TEC.BE.TEC.B1,4.576333,50.676435,1478,294.521938
BE.TEC.BE.TEC.B1,4.576440,50.676547,1479,294.539122
BE.TEC.BE.TEC.B1,4.576485,50.676596,1480,294.546530
BE.TEC.BE.TEC.B1,4.576529,50.676649,1481,294.554182
BE.TEC.BE.TEC.B1,4.576518,50.676676,1482,294.557380
BE.TEC.BE.TEC.B1,4.576511,50.676715,1483,294.561726
BE.TEC.BE.TEC.B1,4.576515,50.676741,1484,294.564731
BE.TEC.BE.TEC.B1,4.576527,50.676771,1485,294.568258
BE.TEC.BE.TEC.B1,4.576558,50.676800,1486,294.572913
BE.TEC.BE.TEC.B1,4.576610,50.676827,1487,294.579539
BE.TEC.BE.TEC.B1,4.576687,50.676845,1488,294.588314
BE.TEC.BE.TEC.B1,4.576775,50.676844,1489,294.598061
BE.TEC.BE.TEC.B1,4.576967,50.676984,1490,294.624457
BE.TEC.BE.TEC.B1,4.577021,50.677018,1491,294.631477
BE.TEC.BE.TEC.B1,4.577282,50.677183,1492,294.665797
BE.TEC.BE.TEC.B1,4.577323,50.677209,1493,294.671141
BE.TEC.BE.TEC.B1,4.577779,50.677463,1494,294.729159
BE.TEC.BE.TEC.B1,4.578271,50.677696,1495,294.789659
BE.TEC.BE.TEC.B1,4.578590,50.677847,1496,294.828807
BE.TEC.BE.TEC.B1,4.578756,50.677917,1497,294.848854
BE.TEC.BE.TEC.B1,4.578836,50.677950,1498,294.858417
BE.TEC.BE.TEC.B1,4.578836,50.677950,1499,294.858417
BE.TEC.BE.TEC.B1,4.579760,50.678337,1500,294.969682
BE.TEC.BE.TEC.B1,4.579836,50.678400,1501,294.980698
BE.TEC.BE.TEC.B1,4.579898,50.678498,1502,294.993453
BE.TEC.BE.TEC.B1,4.579937,50.678614,1503,295.007066
BE.TEC.BE.TEC.B1,4.579952,50.678726,1504,295.019563
BE.TEC.BE.TEC.B1,4.579938,50.678833,1505,295.031529
BE.TEC.BE.TEC.B1,4.579877,50.678950,1506,295.046115
BE.TEC.BE.TEC.B1,4.579793,50.679042,1507,295.059952
BE.TEC.BE.TEC.B1,4.579687,50.679139,1508,295.075983
BE.TEC.BE.TEC.B1,4.579572,50.679203,1509,295.090507
BE.TEC.BE.TEC.B1,4.579435,50.679247,1510,295.106545
BE.TEC.BE.TEC.B1,4.579190,50.679280,1511,295.133975
BE.TEC.BE.TEC.B1,4.579135,50.679282,1512,295.140091
BE.TEC.BE.TEC.B1,4.579021,50.679292,1513,295.152835
BE.TEC.BE.TEC.B1,4.578924,50.679288,1514,295.163588
BE.TEC.BE.TEC.B1,4.578833,50.679279,1515,295.173706
BE.TEC.BE.TEC.B1,4.578731,50.679261,1516,295.185258
BE.TEC.BE.TEC.B1,4.578626,50.679233,1517,295.197363
BE.TEC.BE.TEC.B1,4.578511,50.679195,1518,295.210747
BE.TEC.BE.TEC.B1,4.578474,50.679177,1519,295.215382
BE.TEC.BE.TEC.B1,4.578456,50.679168,1520,295.217588
BE.TEC.BE.TEC.B1,4.578397,50.679126,1521,295.225636
BE.TEC.BE.TEC.B1,4.578324,50.679064,1522,295.236251
BE.TEC.BE.TEC.B1,4.578281,50.679022,1523,295.242943
BE.TEC.BE.TEC.B1,4.578209,50.678944,1524,295.254694
BE.TEC.BE.TEC.B1,4.578186,50.678892,1525,295.260959
BE.TEC.BE.TEC.B1,4.578182,50.678884,1526,295.262026
BE.TEC.BE.TEC.B1,4.578162,50.678839,1527,295.267433
BE.TEC.BE.TEC.B1,4.578170,50.678801,1528,295.271770
BE.TEC.BE.TEC.B1,4.578202,50.678755,1529,295.277986
BE.TEC.BE.TEC.B1,4.578258,50.678691,1530,295.287435
BE.TEC.BE.TEC.B1,4.578651,50.678250,1531,295.352913
BE.TEC.BE.TEC.B1,4.578699,50.678186,1532,295.361787
BE.TEC.BE.TEC.B1,4.578747,50.678119,1533,295.370897
BE.TEC.BE.TEC.B1,4.578783,50.678004,1534,295.384267
BE.TEC.BE.TEC.B1,4.578836,50.677950,1535,295.392638
BE.TEC.BE.TEC.B1,4.874933,50.721285,1536,328.644659
BE.TEC.BE.TEC.B1,4.875994,50.720865,1537,328.771433
BE.TEC.BE.TEC.B1,4.876004,50.720923,1538,328.777908
BE.TEC.BE.TEC.B1,4.876129,50.721684,1539,328.863282
BE.TEC.BE.TEC.B1,4.876131,50.721696,1540,328.864703
BE.TEC.BE.TEC.B1,4.874933,50.721285,1541,329.005407
BE.TEC.BE.TEC.B1,4.875087,50.721310,1542,329.022652
BE.TEC.BE.TEC.B1,4.875194,50.721327,1543,329.034756
BE.TEC.BE.TEC.B1,4.875440,50.721387,1544,329.062896
BE.TEC.BE.TEC.B1,4.875668,50.721473,1545,329.090000
BE.TEC.BE.TEC.B1,4.875944,50.721598,1546,329.123590
BE.TEC.BE.TEC.B1,4.876131,50.721696,1547,329.147099
BE.TEC.BE.TEC.B1,4.876298,50.722530,1548,329.241186
BE.TEC.BE.TEC.B1,4.876237,50.722262,1549,329.271550
BE.TEC.BE.TEC.B1,4.876131,50.721696,1550,329.335286
BE.TEC.BE.TEC.B1,4.876298,50.722530,1551,329.429373
BE.TEC.BE.TEC.B1,4.876369,50.722496,1552,329.438195
BE.TEC.BE.TEC.B1,4.876435,50.722504,1553,329.445554
BE.TEC.BE.TEC.B1,4.876510,50.722543,1554,329.454942
BE.TEC.BE.TEC.B1,4.876539,50.722587,1555,329.460802
BE.TEC.BE.TEC.B1,4.876558,50.722655,1556,329.468668
BE.TEC.BE.TEC.B1,4.876588,50.722768,1557,329.481582
BE.TEC.BE.TEC.B1,4.876618,50.722920,1558,329.498679
BE.TEC.BE.TEC.B1,4.876642,50.723024,1559,329.510509
BE.TEC.BE.TEC.B1,4.876656,50.723050,1560,329.513867
BE.TEC.BE.TEC.B1,4.876685,50.723083,1561,329.518664
BE.TEC.BE.TEC.B1,4.876713,50.723104,1562,329.522557
BE.TEC.BE.TEC.B1,4.876732,50.723154,1563,329.528541
BE.TEC.BE.TEC.B1,4.876724,50.723202,1564,329.533904
BE.TEC.BE.TEC.B1,4.876673,50.723238,1565,329.540838
BE.TEC.BE.TEC.B1,4.876635,50.723256,1566,329.545436
BE.TEC.BE.TEC.B1,4.876579,50.723280,1567,329.552198
BE.TEC.BE.TEC.B1,4.876518,50.723280,1568,329.558964
BE.TEC.BE.TEC.B1,4.876467,50.723281,1569,329.564702
BE.TEC.BE.TEC.B1,4.876298,50.722530,1570,329.650035
